1	10.6060974679	-0.384	11.16
2	10.3279260783	-0.864	13.32
3	10.0230942355	-0.908	-10.08
4	11.0731654511	-4.364	45.0
5	10.1903452189	-3.52	2.88
6	9.51189968352	-2.204	7.56
7	8.71719855414	-3.376	-3.96
8	9.31653489271	-3.696	17.64
9	8.75155900825	-3.432	3.6
10	9.25915020585	-3.816	10.44
11	8.9386089702	-3.792	15.12
12	8.43000584905	-3.52	7.92
13	8.22623846386	-3.936	5.04
14	8.51599767129	-3.132	18.0
15	8.69757282356	-3.112	11.88
16	8.4906988714	-2.792	11.16
17	8.38381009618	-2.772	11.88
18	8.07726398983	-2.804	2.16
19	8.18680903795	-2.716	10.8
20	8.13488719925	-2.464	6.84
21	7.93227376599	-2.048	7.56
22	7.66982174362	-2.016	5.76
23	7.21665535127	-1.508	3.96
24	6.81532933153	-1.092	4.68
25	6.32315677935	-0.76	-1.8
26	5.82756737362	-0.34	3.6
27	5.19719392924	-0.004	7.2
28	4.24116768551	0.436	0.72
29	3.32295182813	0.58	-1.08
30	2.44291968185	0.74	1.44
31	1.53019593168	0.856	-1.08
32	0.80943099987	0.984	7.2
33	0.788258238228	0.424	60.12
34	-3.56135143373	2.716	-60.48
35	-6.33039947409	1.42	-27.0
36	-7.26854222011	1.204	-21.6
37	-6.83373221515	1.016	-13.68
38	-6.64267184644	0.588	-0.72
39	-7.17802142594	0.532	-0.72
40	-7.96204891627	0.308	-10.8
41	-8.36911450764	0.152	-9.72
42	-8.28620080192	-0.54	-9.0
43	-8.03529369917	-0.94	-4.32
44	-7.95238589348	-1.364	-7.56
45	-7.86178169623	-1.656	-9.72
46	-7.50530362806	-2.008	-5.4
47	-7.22109861092	-2.028	-6.48
48	-6.93892481528	-1.94	-9.72
49	-6.37130888195	-1.948	-9.0
50	-5.33116374482	-2.1	-5.4
51	-3.86780151213	-2.792	-0.72
52	-2.6782747027	-3.668	-1.44
53	-1.14440825256	-3.724	0.0
54	0.394259831605	-3.832	3.6
55	1.64003231625	-4.88	2.52
56	2.74961727244	-5.32	3.96
57	3.37930272032	-5.064	2.88
58	3.9292235952	-4.864	2.52
59	4.23708402963	-5.004	0.0
60	4.53590080183	-5.052	0.0
61	4.86515726741	-4.888	0.72
62	5.15839267092	-4.692	0.72
63	5.57375636346	-4.408	3.6
64	5.8710103655	-4.48	3.96
65	6.02115988289	-4.476	5.04
66	5.956130225	-4.3	4.32
67	5.79728773579	-3.936	2.88
68	5.52704369381	-3.78	2.52
69	5.42843302126	-3.76	6.48
70	5.0819030749	-3.504	6.12
71	4.65677502625	-3.3	5.4
72	4.24414107017	-3.22	5.4
73	3.78046132167	-3.124	3.96
74	3.42988653998	-3.04	4.68
75	3.33563099679	-2.956	7.56
76	3.17540140048	-2.876	7.2
77	2.87549454954	-2.648	2.52
78	2.74802251407	-2.268	2.52
79	3.40610875738	-1.232	8.64
80	3.9486555204	-0.344	12.96
81	4.44059497084	0.82	16.92
82	4.87753934977	2.392	15.48
83	5.42534898155	4.06	13.68
84	6.07737439462	5.592	18.72
85	6.51709669626	7.696	14.76
86	6.97534640401	8.788	11.52
87	7.63608332852	9.284	15.12
88	8.31546133332	9.32	13.32
89	8.71758229295	9.14	11.52
90	9.38335103806	8.46	14.4
91	10.1282485679	6.912	19.44
92	10.3741734763	5.168	25.2
93	9.96148605357	3.772	19.44
94	9.06936935264	2.876	10.8
95	8.44368561932	2.248	12.24
96	7.903935031	2.54	15.84
97	6.91420925283	3.528	11.52
98	6.12413935372	5.004	10.8
99	5.44733679392	6.108	15.12
100	4.68503162604	7.62	15.12
101	2.73897027793	9.852	0.72
102	0.702273134592	11.556	-9.0
103	-0.308082032314	12.212	-12.6
104	-0.543350110971	12.652	-9.72
105	-0.203868990852	13.404	1.8
106	0.0659024477424	14.176	1.8
107	0.293073776968	14.308	-0.36
108	0.812372622917	13.7	-0.72
109	1.57091986913	12.648	1.44
110	2.49128238196	11.484	5.4
111	3.40268055305	10.172	5.76
112	4.14323164976	8.684	9.0
113	4.71684171922	6.88	12.96
114	4.96411594688	5.04	11.52
115	4.97097567547	3.276	6.48
116	4.90510863758	1.884	3.96
117	4.87758935358	0.712	4.32
118	4.99653478416	-0.168	2.88
119	5.20288918563	-0.876	2.88
120	5.2424145299	-1.416	1.8
121	5.19314031806	-1.424	2.52
122	5.01675265138	-0.92	1.44
123	4.60237232224	-0.128	1.08
124	4.08093729251	0.588	-2.88
125	3.82242340077	1.448	-0.36
126	3.69885240863	2.364	3.6
127	3.63109937333	3.404	4.32
128	3.64394234529	4.228	3.96
129	3.76422480874	4.664	4.68
130	3.98773693531	4.78	7.56
131	4.14335025663	4.888	8.28
132	4.07742548316	4.432	4.32
133	4.00315661907	3.492	0.72
134	4.08999846392	2.436	0.0
135	4.22676904767	1.652	0.72
136	4.41769226436	1.152	0.72
137	4.55916450852	0.596	-0.72
138	4.65845123432	-0.028	-2.16
139	4.88209312484	-0.076	-1.44
140	5.0721267676	0.236	0.0
141	5.28398272611	0.604	2.52
142	5.46777218861	1.092	5.4
143	5.47152286392	1.676	5.76
144	5.37651842816	2.276	6.48
145	5.26636473278	2.964	7.2
146	5.02826460636	3.772	8.28
147	4.77152884945	4.804	9.36
148	4.34894999704	5.82	9.36
149	3.98605035542	6.84	8.28
150	3.52726032598	7.788	8.28
151	3.15194139718	8.7	7.92
152	2.8633387706	9.632	7.92
153	2.63504766433	10.396	9.72
154	2.48952795406	10.98	10.8
155	2.21863718688	11.48	8.64
156	1.85175164937	11.928	6.48
157	1.36450953733	12.336	3.6
158	0.904506825655	12.652	3.24
159	0.539866357817	12.588	2.16
160	0.249237915291	12.304	0.0
161	-0.183209507153	11.864	0.0
162	-0.71884205405	11.296	-1.44
163	-1.00546197395	10.636	-1.8
164	-1.21214894619	9.852	-1.08
165	-1.28852908951	8.944	0.0
166	-1.50430098394	8.2	0.0
167	-1.71181744015	7.404	-0.72
168	-1.81545412586	6.956	0.72
169	-1.77248062612	6.4	1.44
170	-1.68099131605	6.092	2.88
171	-1.53197027641	5.924	3.96
172	-1.41396431958	5.732	4.32
173	-1.40338304303	5.476	2.52
174	-1.46940526241	5.036	1.08
175	-1.71862424775	4.38	-2.16
176	-2.02359206663	3.856	-5.04
177	-2.39973257955	3.732	-5.04
178	-2.76519904932	3.78	-7.92
179	-3.01082745377	3.768	-8.28
180	-2.8794438056	3.384	-3.6
181	-3.20411631522	7.496	-8.64
182	-3.76365981614	5.548	-10.08
183	-4.06095440089	6.112	-10.08
184	-4.29790352292	6.96	-10.08
185	-4.33230235443	6.632	-8.28
186	-4.37006032254	6.744	-5.76
187	-4.6355746549	6.976	-6.12
188	-4.98082628781	7.056	-9.0
189	-5.24371864623	7.304	-7.56
190	-5.48908820364	7.176	-8.64
191	-5.62227472164	7.304	-8.28
192	-5.51661653701	7.256	-4.68
193	-5.49121147152	7.296	-4.32
194	-5.65725927446	7.372	-4.68
195	-5.73833576365	7.336	-2.52
196	-6.11839614669	7.312	-5.4
197	-6.94574820396	7.312	-12.24
198	-8.01440401383	7.38	-19.44
199	-8.76939961199	7.444	-25.56
200	-9.0121866126	7.44	-21.96
201	-8.63998606137	7.388	-16.2
202	-8.06431087854	7.32	-11.88
203	-7.44433724328	7.364	-7.92
204	-6.95880987359	7.304	-5.4
205	-6.74371381462	7.4	-6.12
206	-6.6868131026	7.396	-9.0
207	-6.59337293733	7.472	-8.64
208	-6.43595051305	7.472	-9.72
209	-6.35216227109	7.452	-10.44
210	-6.14679791647	7.516	-9.36
211	-5.94542580718	7.524	-8.64
212	-5.90131424562	7.564	-9.0
213	-5.86954984436	7.628	-11.52
214	-5.53400916196	7.588	-7.92
215	-4.93488722148	7.604	-2.88
216	-4.7378577349	7.524	-5.76
217	-4.76070756373	7.52	-10.08
218	-4.42220116866	7.476	-9.72
219	-3.77537807288	7.468	-2.16
220	-3.25810544821	7.44	0.0
221	-3.05570661531	7.548	-2.16
222	-2.95359318876	7.548	-3.96
223	-2.73267814748	7.556	-3.96
224	-2.42362932226	7.576	-1.44
225	-2.22032219092	7.604	-2.16
226	-2.03561183336	7.584	-2.16
227	-1.61771483258	7.576	1.08
228	-1.42581203169	7.536	1.8
229	-1.45400020013	7.556	-0.36
230	-1.38555417081	7.516	-0.36
231	-1.26765221723	7.544	0.36
232	-1.24477845304	7.584	0.36
233	-1.37022692807	7.596	-2.16
234	-1.38790640073	7.648	-2.16
235	-1.25996746677	7.636	0.0
236	-1.22608792843	7.64	0.72
237	-1.27050508786	7.604	0.36
238	-1.45706939574	7.64	-1.44
239	-1.71354451558	7.652	-5.04
240	-1.75936416777	7.692	-4.32
241	-1.67839282384	7.644	-1.8
242	-1.62770148216	7.64	-1.08
243	-1.59624963023	7.736	-1.08
244	-1.5548604751	7.696	-0.36
245	-1.54917936233	7.744	-1.08
246	-1.54955266597	7.728	-1.44
247	-1.59292928147	7.804	-2.88
248	-1.57425906354	7.78	-1.8
249	-1.50759281006	7.796	-0.72
250	-1.52006508981	7.808	-1.44
251	-1.50973633469	7.8	-0.72
252	-1.48003471354	7.808	0.0
253	-1.47736493906	7.784	0.36
254	-1.66715616887	7.816	-1.08
255	-1.92914505098	7.796	-6.12
256	-1.99167271205	7.704	-4.68
257	-1.96688407978	7.672	-2.88
258	-1.97298330177	7.672	-2.52
259	-1.97417813655	7.664	-2.52
260	-1.9464142247	7.648	-2.16
261	-1.93492757201	7.616	-2.16
262	-1.94437541952	7.6	-3.24
263	-1.89590680114	7.612	-2.52
264	-1.8152120181	7.616	-1.44
265	-1.78571354732	7.636	-1.44
266	-1.78836803653	7.604	-1.8
267	-1.74953028042	7.592	-0.72
268	-1.68308515178	7.568	-0.72
269	-1.65950646882	7.56	-0.72
270	-1.66201749485	7.552	-0.72
271	-1.67678516188	7.576	-0.36
272	-1.7382274051	7.616	-0.36
273	-1.9473151966	7.644	-1.08
274	-2.18811525266	7.628	-3.24
275	-2.35380591369	7.636	-2.16
276	-2.48658331979	7.604	-1.08
277	-2.76615063293	7.592	-0.72
278	-3.1086370428	7.556	-3.24
279	-3.66392285405	7.572	-6.12
280	-4.23401911229	7.52	-10.44
281	-4.5441789313	7.528	-9.72
282	-4.67575340215	7.484	-7.56
283	-4.81932847246	7.504	-6.12
284	-5.11910367304	7.472	-6.84
285	-5.4962236283	7.516	-8.64
286	-5.92079481125	7.504	-9.72
287	-6.34385047804	7.5	-11.88
288	-6.65731943127	7.476	-13.32
289	-6.793463169	7.444	-11.16
290	-6.90717408434	7.456	-9.0
291	-7.17149864145	7.428	-9.36
292	-7.42756023676	7.416	-11.16
293	-7.65983527044	7.404	-11.16
294	-7.86332781653	7.412	-10.44
295	-8.17693858875	7.424	-11.88
296	-8.5571837459	7.396	-14.04
297	-8.85970953262	7.424	-15.12
298	-9.13439426613	7.456	-16.56
299	-9.37708974428	7.46	-17.64
300	-9.55928270564	7.448	-19.44
301	-9.63788150558	7.428	-19.8
302	-9.60750539484	7.488	-18.72
303	-9.50505664484	7.544	-20.52
304	-9.06737121479	7.536	-17.28
305	-8.28574759171	7.584	-10.8
306	-7.57823009705	7.572	-7.2
307	-7.1246729206	7.612	-9.0
308	-6.7187418914	7.712	-10.08
309	-6.11397159122	7.684	-9.0
310	-5.53668795477	7.804	-5.76
311	-4.89335930023	7.764	-2.88
312	-4.2663759902	7.8	-3.6
313	-3.73841913468	7.752	-2.88
314	-3.26925113494	7.848	-1.44
315	-2.90472085155	7.92	-1.08
316	-2.60371880386	7.872	-0.36
317	-2.34790807301	7.908	0.36
318	-2.15170964754	7.94	1.08
319	-2.11457002613	8.008	-0.36
320	-2.10293410464	8.016	-1.8
321	-2.06536228379	8.0	-3.24
322	-1.96863416295	7.98	-1.8
323	-1.90546439288	7.984	-1.44
324	-1.94311533933	8.028	-3.6
325	-1.95488704047	8.084	-3.6
326	-1.88579879877	8.116	-3.96
327	-1.83392623309	8.132	-5.4
328	-1.54042914081	8.168	-3.96
329	-1.20964412751	8.216	-1.8
330	-0.834539208358	8.216	0.36
331	-0.574767261565	8.22	0.0
332	-0.293229366977	8.26	-0.36
333	0.103275500804	8.304	1.08
334	0.519743730329	8.312	2.52
335	0.824818086859	8.38	2.88
336	0.982584498299	8.46	0.72
337	1.25002434009	8.432	-0.36
338	1.67235506605	8.372	2.52
339	2.29637912504	8.38	5.76
340	2.84304019336	8.412	6.12
341	3.2861891976	8.408	5.4
342	3.78808824805	8.348	5.04
343	4.24642987981	8.324	6.12
344	4.88876716521	8.264	7.92
345	5.46216919263	8.312	8.28
346	5.92985402035	8.308	7.92
347	6.57625331544	8.3	10.08
348	7.22898777245	8.304	12.96
349	7.91743865794	8.308	16.56
350	8.5978702087	8.272	19.44
351	9.03049050263	8.192	20.16
352	9.36244043416	8.064	17.28
353	9.78636943214	8.088	19.8
354	10.1336785483	8.12	19.8
355	10.3198936117	9.2	19.08
356	10.4853505148	9.204	19.08
357	10.6079944198	9.128	20.88
358	10.5665746117	9.084	20.16
359	10.4598591557	8.96	19.08
360	10.2151234242	8.94	19.08
361	10.049589529	8.892	20.16
362	9.72837276847	8.848	17.64
363	9.23910912881	8.868	15.12
364	8.62868615977	8.848	11.16
365	8.04497220255	8.888	10.08
366	7.65125201782	8.856	10.44
367	7.27318051847	8.804	10.8
368	6.80326486755	8.744	10.44
369	6.22343748168	8.748	7.2
370	5.58361685803	8.716	3.24
371	5.39091517401	8.66	6.84
372	5.43143856954	8.604	12.96
373	5.12036274157	8.6	12.24
374	4.05652788238	8.58	2.88
375	3.19033754125	8.596	-1.8
376	2.67590383174	8.556	-0.72
377	2.53451590595	8.556	2.88
378	2.28407418031	8.564	2.52
379	1.92064176201	8.58	1.44
380	1.67457498561	8.488	1.08
381	1.46451044113	8.468	1.08
382	1.19485812512	8.472	0.72
383	0.87583396801	8.532	-1.8
384	0.752268328095	8.508	-1.8
385	0.773060207272	8.552	0.36
386	0.789660465401	8.56	1.08
387	0.760596868449	8.564	0.36
388	0.766031438372	8.56	0.72
389	0.813089384682	8.536	1.8
390	0.829797639274	8.564	1.08
391	0.825519877249	8.592	1.08
392	0.822619359765	8.6	1.08
393	0.830590127028	8.616	1.44
394	0.820330374341	8.604	1.08
395	0.806301993542	8.624	1.44
396	0.795815387587	8.6	1.8
397	0.79299744985	8.584	1.8
398	0.776951413461	8.632	1.8
399	0.730599090283	8.596	1.08
400	0.702555332729	8.556	1.44
401	0.6844868468	8.568	1.44
402	0.656809540469	8.564	1.44
403	0.635493340293	8.568	1.44
404	0.57782331952	8.612	0.72
405	0.52623477992	8.616	0.72
406	0.477860685068	8.596	0.72
407	0.441464251229	8.604	1.44
408	0.390149380295	8.596	0.72
409	0.366927012924	8.548	1.44
410	0.337436507073	8.532	1.08
411	0.288698308374	8.5	0.72
412	0.247801583885	8.5	0.36
413	0.199478431831	8.492	0.72
414	0.157019982352	8.504	1.08
415	0.114384376479	8.536	0.72
416	0.0430180946573	8.516	0.36
417	0.000816167876463	8.56	0.36
418	-0.0507531610482	8.552	1.08
419	-0.100802703887	8.576	0.72
420	-0.183478836842	8.592	0.0
421	-0.273784312733	8.52	0.36
422	-0.450912019743	8.492	-1.44
423	-0.685281885846	8.504	-4.68
424	-0.834203840129	8.572	-5.4
425	-0.840392326789	8.552	-6.48
426	-0.588833017952	8.504	-1.8
427	-0.187183563399	8.496	1.44
428	0.188076757201	8.548	2.52
429	0.563361256961	8.564	4.68
430	0.776097944744	8.512	5.04
431	0.831292857871	8.432	2.52
432	0.882800433	8.416	1.44
433	1.07148540297	8.42	2.16
434	1.26695614058	8.468	4.68
435	1.29549491204	8.5	3.6
436	1.25432803927	8.504	2.52
437	1.29729275868	8.456	3.24
438	1.30540634704	8.496	3.6
439	1.21701349991	8.468	2.52
440	1.17446065621	8.488	2.52
441	1.13650082083	8.512	2.88
442	1.04388481796	8.524	1.8
443	0.928139783671	8.508	1.44
444	0.82441508446	8.476	1.44
445	0.713112302635	8.392	1.08
446	0.600226701277	8.38	0.72
447	0.50515842624	8.432	0.72
448	0.384603470346	8.444	0.36
449	0.280018856975	8.48	0.72
450	0.13901354276	8.476	0.36
451	0.00746187835298	8.488	-0.36
452	-0.2422948782	8.492	-3.6
453	-0.497073730563	8.504	-2.52
454	-0.351539026239	8.42	0.72
455	-0.338537713462	8.448	1.08
456	-0.452437422403	8.416	-2.52
457	-0.375292112341	8.408	-1.8
458	-0.241408917623	8.436	-0.72
459	-0.0144549848034	8.424	1.44
460	0.169941291862	8.428	1.44
461	0.39133924303	8.432	4.32
462	0.470505897724	8.476	2.88
463	0.358085473538	8.492	-0.72
464	0.216783173135	8.448	-3.24
465	0.495402156718	8.416	0.0
466	0.8625156177	8.464	4.32
467	1.00951400432	8.424	3.6
468	1.0283585328	8.44	2.52
469	1.10725112055	8.408	2.88
470	1.22493732857	8.352	3.96
471	1.3259853378	8.292	3.96
472	1.31770339504	8.296	2.88
473	1.27755102495	8.312	2.52
474	1.25315799644	8.288	3.24
475	1.20224671309	8.24	2.52
476	1.12760048105	8.204	2.88
477	1.0555919329	8.232	1.8
478	0.962542156997	8.232	1.44
479	0.879854817395	8.232	1.8
480	0.74824314173	8.196	1.8
481	0.642041861663	8.184	0.72
482	0.544426965249	8.156	0.72
483	0.466584817654	8.116	0.72
484	0.38903217777	8.088	1.08
485	0.237322426452	8.068	0.72
486	0.0880681031384	8.036	-1.8
487	0.0723406222888	7.996	-0.36
488	0.167162732611	7.98	1.44
489	0.196058342309	8.0	1.8
490	0.10893741879	7.992	0.72
491	0.0304058289744	7.976	0.0
492	-0.146108053533	8.0	-4.68
493	-0.0898970314272	7.988	-3.96
494	0.235177591247	7.96	0.72
495	0.494308629573	7.892	2.52
496	0.797778536704	7.916	3.96
497	0.902914702131	7.892	2.88
498	0.980458622421	7.908	2.16
499	1.12450117216	7.876	2.52
500	1.24040267996	7.936	2.52
501	1.33738322053	7.908	2.88
502	1.39543253022	7.872	1.8
503	1.55951537912	7.8	2.88
504	1.81796910335	7.856	5.4
505	1.99024091121	7.808	6.12
506	2.0026240553	7.812	4.32
507	2.02953208739	7.82	4.32
508	2.10674510832	7.848	4.68
509	2.14417852507	7.836	5.04
510	2.13961502106	7.792	3.96
511	2.09889719142	7.792	3.96
512	2.07703382483	7.792	3.96
513	2.01258595518	7.732	3.6
514	1.92693771296	7.736	3.24
515	1.85503589268	7.74	2.88
516	1.7817582886	7.772	2.52
517	1.67311278531	7.768	2.52
518	1.60369006205	7.812	2.52
519	1.51368677566	7.808	2.16
520	1.42542515056	7.832	1.8
521	1.34635277952	7.832	1.8
522	1.29487881296	7.84	2.16
523	1.24448492717	7.828	2.16
524	1.17915228052	7.88	1.44
525	1.13833659962	7.916	1.44
526	1.09008782071	7.872	1.8
527	1.06798421249	7.836	1.8
528	1.045988687	7.824	1.8
529	1.02256151981	7.832	1.44
530	0.896062086907	7.776	-0.36
531	0.74249877324	7.764	-3.24
532	0.889841242083	7.732	-0.36
533	1.24088410068	7.756	5.04
534	1.42666922724	7.724	5.04
535	1.467597573	7.668	3.24
536	1.53414111676	7.636	3.24
537	1.70020353201	7.668	4.32
538	1.78686891395	7.648	4.68
539	1.81260070241	7.656	4.32
540	1.83517894215	7.676	3.96
541	1.8310691924	7.66	4.32
542	1.78404958993	7.664	3.24
543	1.75049999843	7.68	3.24
544	1.70870757081	7.692	3.24
545	1.64705829333	7.676	2.88
546	1.57353757539	7.708	2.52
547	1.48721858813	7.668	1.8
548	1.41594243885	7.664	1.44
549	1.36311474498	7.688	2.52
550	1.29188852636	7.676	2.16
551	1.22649795754	7.648	1.44
552	1.18776148214	7.652	2.16
553	1.13988592254	7.656	1.8
554	1.11777589247	7.672	2.16
555	1.08332402416	7.668	1.44
556	1.05823861472	7.644	1.8
557	1.05228190773	7.66	2.16
558	1.02747645472	7.7	1.44
559	1.00231869609	7.68	1.44
560	0.996242362827	7.668	1.8
561	0.98282913604	7.668	1.44
562	1.08419271678	7.696	2.16
563	1.07050753453	7.66	1.8
564	1.04665322855	7.628	1.44
565	1.05391745968	7.6	2.16
566	1.06794678489	7.616	1.8
567	1.03910539732	7.556	1.44
568	1.04780908388	7.584	2.52
569	1.03244052263	7.552	1.44
570	1.02569700203	7.516	1.8
571	1.03472701573	7.512	1.8
572	1.02483335515	7.54	1.8
573	1.02318040159	7.54	1.8
574	1.00554934076	7.532	1.44
575	0.997084820049	7.512	2.16
576	1.00284466407	7.52	2.16
577	1.00523612283	7.532	1.44
578	0.998934860298	7.532	1.8
579	0.970990844393	7.516	1.44
580	0.961561723021	7.54	1.8
581	0.951851301076	7.56	1.8
582	0.941720394655	7.552	1.8
583	0.942946083904	7.532	1.44
584	0.928931174886	7.512	1.44
585	0.921288786036	7.524	1.44
586	0.916013238546	7.496	1.8
587	0.906645178535	7.5	1.44
588	0.888406055647	7.54	1.44
589	0.889773173098	7.536	1.8
590	0.896469623672	7.5	2.16
591	0.88900986776	7.48	1.8
592	0.874923255519	7.476	1.44
593	0.87449880277	7.484	1.8
594	0.835929234117	7.476	1.08
595	0.793340147649	7.448	0.36
596	0.853649349128	7.484	1.8
597	0.949864477542	7.504	2.88
598	0.987459890751	7.524	2.52
599	0.956131192365	7.536	1.44
600	0.965275459259	7.572	1.8
601	0.976012625744	7.6	1.8
602	0.942930472363	7.58	1.8
603	0.936622538306	7.592	2.88
604	1.10937307927	7.568	6.84
605	0.877518046959	7.564	2.52
606	0.0759790593855	7.636	-8.28
607	-0.598068841994	7.572	-14.76
608	-0.28491942715	7.536	-7.2
609	0.652752931567	7.552	2.88
610	1.30026052637	7.624	9.72
611	1.35782649072	7.624	5.04
612	1.12139833712	7.576	-0.36
613	1.26608693248	7.58	0.0
614	1.83880425155	7.512	4.68
615	2.29026362677	7.48	9.36
616	2.63083747648	7.512	6.48
617	2.54949300131	7.508	3.96
618	2.6250805278	7.532	4.32
619	2.72539391393	7.488	6.12
620	2.70742715142	7.504	4.68
621	2.67823311165	7.532	4.68
622	2.65042647315	7.56	4.32
623	2.63802513508	7.576	5.04
624	2.57433037541	7.544	4.68
625	2.52626664418	7.556	3.96
626	2.47014789243	7.58	3.96
627	2.4249879676	7.54	4.32
628	2.3326694864	7.548	3.6
629	2.26376373643	7.552	2.88
630	2.22298755237	7.532	3.96
631	2.16757189146	7.556	3.24
632	2.10464766249	7.58	2.88
633	2.04621905246	7.568	3.24
634	2.02062883122	7.588	2.88
635	1.97907162652	7.6	3.24
636	1.97515651173	7.672	3.6
637	1.92890129458	7.66	2.52
638	1.90325555559	7.632	2.52
639	1.88663874625	7.636	3.6
640	1.8677996338	7.664	2.52
641	1.87441912193	7.676	3.24
642	1.88271741541	7.72	3.24
643	1.89380175115	7.768	3.6
644	1.8852883785	7.752	2.88
645	1.9071052703	7.736	3.6
646	1.91211369087	7.732	3.24
647	1.91632586296	7.744	3.24
648	1.92545318181	7.744	3.24
649	1.91034704635	7.728	2.88
650	1.92935572548	7.668	3.24
651	1.92807162704	7.66	3.24
652	1.91983682189	7.672	2.88
653	1.90629094463	7.676	2.88
654	1.91917343674	7.68	3.6
655	1.91836389332	7.616	3.24
656	1.91866067208	7.576	3.24
657	1.92673962483	7.572	3.6
658	1.92242308427	7.532	3.6
659	1.91210622014	7.524	3.24
660	1.9093195337	7.536	2.88
661	1.91502948323	7.552	3.6
662	1.91850046303	7.536	3.6
663	1.90136699514	7.532	2.88
664	1.8931508552	7.54	3.24
665	-0.00493545859592	7.532	2.88
666	-0.00577984963803	7.54	3.24
667	-0.0112750842701	7.524	2.88
668	-0.00260471927862	7.56	3.24
669	0.0134552252828	7.592	3.6
670	0.0101582429088	7.572	2.88
671	0.0312067966275	7.58	3.96
672	0.0275416417871	7.592	2.88
673	0.0183204383522	7.584	3.24
674	0.00426483930363	7.572	2.88
675	-0.0104352699015	7.568	2.88
676	0.0214782313399	7.552	2.88
677	0.0253236708465	7.56	3.24
678	0.0192259380514	7.56	3.24
679	0.0336994674139	7.548	3.6
680	0.0154183072073	7.548	2.88
681	0.0049633763859	7.536	3.24
682	0.0106208614368	7.52	3.24
683	-0.00605430836959	7.496	3.24
684	-0.00897478647644	7.508	3.24
685	-0.00726322341945	7.468	3.24
686	-0.00989202901209	7.46	3.24
687	0.0052730888677	7.488	3.24
688	0.00871017308066	7.496	3.24
689	0.00713807383389	7.412	3.6
690	0.0041002022583	7.44	3.24
691	0.00343015196827	7.44	3.24
692	-0.00343857481066	7.42	3.24
693	-0.00631224701791	7.432	3.24
694	-0.0253265327324	7.404	2.52
695	-0.0310189685794	7.372	3.6
696	-0.0294913021341	7.364	3.24
697	-0.0254315513483	7.344	3.24
698	-0.0315465480861	7.336	2.88
699	-0.0338284719833	7.34	3.24
700	-0.0289243139487	7.324	3.24
701	-0.0371055983485	7.308	2.88
702	-0.0296596618725	7.332	2.52
703	-0.0334411616157	7.32	3.24
704	-0.039648798276	7.316	2.88
705	-0.0489131473894	7.324	2.88
706	-0.0498027465818	7.3	3.24
707	-0.0304040337123	7.332	2.88
708	-0.0377396873186	7.292	3.6
709	-0.0338237110267	7.32	3.24
710	-0.0280083931044	7.336	3.24
711	-0.0117103585789	7.32	3.96
712	-0.00986264561501	7.296	3.24
713	-0.0213585484515	7.3	3.24
714	-0.0189605407733	7.336	3.24
715	-0.0139714718841	7.364	3.24
716	-0.000444172533467	7.364	3.6
717	-0.00628764904334	7.348	2.52
718	0.080500969305	7.388	2.88
719	0.0753948975164	7.384	3.24
720	0.101067572606	7.396	3.6
721	0.109793925704	7.388	3.24
722	0.0982440337465	7.384	2.88
723	0.0995673827779	7.38	3.6
724	0.111227607979	7.4	3.6
725	0.0969427375041	7.436	3.6
726	0.0996946144526	7.424	2.88
727	0.0748077366227	7.448	2.88
728	0.0686784300577	7.432	3.24
729	0.0369215194293	7.424	2.52
730	0.020677282597	7.436	2.52
731	0.0369218981535	7.456	3.96
732	0.0495324650794	7.476	3.6
733	0.0441504595338	7.46	3.6
734	0.0341659524272	7.472	3.24
735	0.0233466291286	7.412	3.24
736	0.0150333939736	7.404	2.88
737	0.0504427201902	7.408	3.6
738	0.0412665048598	7.432	3.24
739	0.0375458046885	7.436	3.24
740	0.00787536607881	7.4	2.52
741	0.00901367421708	7.376	2.88
742	-0.00264493148447	7.368	2.88
743	-0.011001998455	7.376	2.88
744	-0.0126196434328	7.388	3.24
745	-0.0112839964627	7.416	3.24
746	-0.0164395225254	7.42	2.52
747	-9.46826432933e-05	7.396	3.24
748	0.00486110156458	7.388	3.24
749	0.000796357089819	7.352	3.24
750	-0.00778378031063	7.332	2.88
751	-0.0147681234095	7.296	2.88
752	-0.0140881346032	7.292	3.24
753	-0.0144000742771	7.268	2.88
754	-0.0165889461961	7.264	3.24
755	-0.0293528295877	7.252	2.88
756	-0.0263011361689	7.272	2.88
757	-0.0273408637029	7.244	2.88
758	-0.0275366192358	7.228	3.24
759	-0.0448283357356	7.236	2.88
760	-0.0436891598901	7.212	3.24
761	-0.0442124236601	7.244	3.24
762	-0.0366960939204	7.26	3.24
763	-0.048707253273	7.256	2.88
764	-0.0355196124228	7.256	2.88
765	-0.0191537503964	7.256	3.6
766	-0.0410581653557	7.272	2.88
767	-0.0344160620996	7.292	3.24
768	-0.0246064957381	7.288	3.6
769	-0.0370964910805	7.304	2.88
770	-0.0357506983871	7.288	3.24
771	-0.0408361278739	7.248	2.88
772	-0.0488008437806	7.28	3.24
773	-0.0363223171739	7.276	3.6
774	-0.0241861142211	7.288	3.96
775	-0.0221313113265	7.28	3.24
776	-0.0200149314475	7.276	2.88
777	-0.0267159388951	7.24	3.24
778	-0.0108434593691	7.236	3.6
779	-0.0251839891887	7.2	3.24
780	-0.0366063582612	7.172	2.88
781	0.0660267783267	7.196	3.24
782	0.0511869842175	7.216	2.88
783	0.0512446310768	7.184	3.6
784	0.033671600968	7.188	2.88
785	0.0268188412864	7.168	2.88
786	0.0363154556979	7.2	2.88
787	0.0398717719358	7.196	3.24
788	0.0161720821335	7.184	2.52
789	0.020522357932	7.208	3.6
790	0.0093083651385	7.236	2.88
791	0.00805719299477	7.22	2.52
792	0.107449298623	7.256	3.24
793	0.0759439042748	7.216	2.88
794	0.0769823901293	7.176	3.6
795	0.0741684436852	7.18	2.88
796	0.0844145015142	7.212	3.6
797	0.0955812809025	7.236	3.6
798	0.0849197178354	7.288	2.88
799	0.0787300941607	7.296	3.24
800	0.0937938390335	7.356	3.24
801	0.0882680596602	7.336	3.24
802	0.0810017329723	7.388	2.88
803	0.0807236047385	7.408	3.6
804	0.0600817606495	7.368	2.88
805	0.0758568051648	7.356	3.24
806	0.0871989422728	7.34	3.24
807	0.0889391037056	7.344	3.6
808	0.0593802717627	7.34	2.52
809	0.0591729970195	7.332	3.6
810	0.0383437041222	7.308	2.88
811	0.0347216956439	7.352	3.24
812	0.0257230375906	7.348	3.24
813	0.0197067358355	7.336	3.24
814	0.0086200794952	7.328	2.88
815	0.00967622697637	7.324	3.24
816	0.0157829885276	7.308	3.6
817	0.0081603844748	7.284	3.24
818	-0.00353253815531	7.284	2.88
819	-0.00681004402458	7.3	3.24
820	-0.00690169042909	7.304	3.24
821	-0.0207059401324	7.292	3.24
822	0.00144400464614	7.3	3.24
823	-0.0204850415878	7.308	2.52
824	-0.0261766422527	7.276	3.24
825	-0.0427109189474	7.244	2.52
826	-0.0559602765333	7.236	2.52
827	-0.0640147043073	7.22	2.88
828	-0.0504411186909	7.244	2.52
829	-0.0518037704532	7.22	3.24
830	-0.0485120398075	7.244	2.88
831	-0.0406074494103	7.224	2.88
832	-0.0526340053486	7.232	2.88
833	-0.0749058673727	7.184	3.24
834	-0.0790109103174	7.176	3.24
835	-0.0759370450945	7.216	3.24
836	-0.0691002028283	7.244	2.88
837	-0.0692205329065	7.244	3.24
838	-0.0717830833294	7.248	3.6
839	-0.0694138031641	7.224	3.24
840	-0.0659146292408	7.196	3.24
841	-0.0631164889359	7.192	3.24
842	-0.0665900112079	7.18	2.88
843	-0.0891772536387	7.116	2.88
844	-0.0838474503586	7.096	2.88
845	-0.0800504607132	7.1	3.24
846	-0.0562077383667	7.084	3.6
847	-0.0500594591114	7.076	3.6
848	-0.0480492048918	7.096	3.24
849	-0.0710479045795	7.044	2.88
850	-0.0710819089013	7.004	3.24
851	-0.0513506104436	7.016	3.6
852	-0.0618343092759	7.0	2.88
853	-0.0564451772099	7.028	2.88
854	-0.0569133459838	7.068	3.24
855	-0.0857397943115	7.036	2.52
856	-0.060855530572	7.12	3.24
857	-0.0695454265984	7.14	2.88
858	-0.0597106389259	7.14	3.96
859	-0.0579190320073	7.116	3.24
860	-0.0548876126872	7.12	3.24
861	-0.0606890172957	7.152	3.24
862	-0.0570345774266	7.16	3.6
863	-0.0578162220467	7.164	3.24
864	-0.0688432325493	7.14	3.24
865	-0.0655228640292	7.108	2.88
866	-0.065486954611	7.092	3.24
867	-0.0469588207508	7.128	3.24
868	-0.0656990737248	7.156	3.24
869	-0.0552532517784	7.144	3.6
870	-0.0606626582387	7.088	2.88
871	-0.0615349079914	7.076	3.24
872	-0.0546294408223	7.128	3.24
873	-0.046315534608	7.108	3.24
874	-0.0587997260038	7.108	2.88
875	-0.0548034773026	7.156	3.24
876	-0.0407271783333	7.192	3.24
877	-0.0435997631411	7.148	2.88
878	-0.0512272547132	7.152	3.24
879	-0.0621354009071	7.136	2.52
880	-0.0652377711411	7.144	2.88
881	-0.072808885459	7.164	2.88
882	-0.0720082995829	7.208	3.24
883	-0.0642011241772	7.216	2.88
884	-0.0862789863279	7.216	2.88
885	-0.0703026533976	7.216	3.6
886	-0.0626267056318	7.252	3.24
887	-0.0629305628492	7.268	3.24
888	-0.0671299788844	7.264	2.88
889	-0.0750521532011	7.284	2.88
890	-0.0772520982476	7.308	3.24
891	-0.0742204574888	7.3	3.24
892	-0.0717799558629	7.3	3.24
893	-0.0815843582027	7.296	3.6
894	-0.0826770218598	7.304	3.6
895	-0.0814156669433	7.296	2.88
896	-0.0756466699251	7.312	2.88
897	-0.0572954469361	7.32	3.6
898	-0.0730748489593	7.308	3.24
899	-0.0807040330699	7.28	3.24
900	-0.0865387571991	7.272	3.24
901	-0.0800870783653	7.292	2.88
902	-0.0684692060133	7.268	2.88
903	-0.089067905376	7.26	2.52
904	-0.106167863467	7.284	2.52
905	-0.120781305359	7.296	2.16
906	-0.0861141969096	7.308	2.16
907	-0.0312476482322	7.288	2.88
908	0.0677713475124	7.316	4.32
909	0.104304022422	7.292	3.96
910	0.128965951368	7.252	3.96
911	0.161157246422	7.28	3.6
912	0.180014585147	7.296	3.96
913	0.163372168205	7.32	3.6
914	0.14251315983	7.284	3.6
915	0.141042922409	7.268	4.32
916	0.130341135885	7.252	3.6
917	0.103411335136	7.264	3.6
918	0.0675482503673	7.248	3.24
919	0.0396286016468	7.264	2.88
920	-0.00596285671193	7.248	2.88
921	-0.0329161864353	7.256	2.88
922	-0.0476188814766	7.268	2.52
923	-0.0460345357164	7.296	3.6
924	-0.0814992913306	7.284	2.88
925	-0.0812542710776	7.244	3.24
926	-0.0711844317061	7.264	3.24
927	-0.0716930391432	7.256	2.52
928	-0.0536946213522	7.256	3.6
929	-0.0430294913289	7.252	3.24
930	-0.0411372190214	7.228	3.24
931	-0.0400178516307	7.2	2.88
932	-0.0414082636861	7.204	2.52
933	-0.0269350520949	7.224	3.6
934	-0.0169629087465	7.2	3.6
935	-0.0130294379016	7.184	3.24
936	0.00847328281948	7.208	3.96
937	0.00914937375568	7.216	3.24
938	0.00773070281783	7.216	3.6
939	-0.00385173445016	7.18	3.24
940	-0.00285508325605	7.188	3.6
941	-0.00708459124718	7.196	3.24
942	-0.00382942158776	7.208	3.24
943	-0.0121895341406	7.168	2.88
944	-0.0229973361379	7.184	3.24
945	-0.0360919707182	7.196	2.88
946	-0.0445422923013	7.196	2.88
947	-0.037671530587	7.224	3.24
948	-0.0436996306732	7.172	2.88
949	-0.0652063359308	7.176	2.52
950	-0.045545144976	7.12	3.6
951	-0.0355301204016	7.148	3.24
952	-0.0256939894157	7.16	2.88
953	-0.0336090302538	7.164	2.88
954	-0.0412762850036	7.176	3.24
955	-0.0594985617529	7.144	3.6
956	-0.0456766455108	7.168	3.24
957	-0.0357372622495	7.184	3.24
958	-0.0347146971152	7.204	3.24
959	-0.0401271308152	7.208	2.52
960	-0.0386093038016	7.16	3.24
961	-0.036939910134	7.168	3.24
962	-0.0366750779877	7.108	3.24
963	-0.062991046163	7.088	2.52
964	-0.0491834274386	7.044	3.24
965	-0.0256349579705	7.012	3.96
966	-0.00454165713147	6.996	3.24
967	0.0137002116989	6.988	3.6
968	0.0104251644775	6.972	3.6
969	0.00622977141783	6.92	3.24
970	0.0101469260389	6.864	2.88
971	0.0161129335264	6.904	3.24
972	0.0122100859988	6.86	3.24
973	0.0118901549837	6.852	3.24
974	0.000793819930157	6.844	3.24
975	0.0154474574332	6.864	3.24
976	0.0213850929868	6.852	3.6
977	0.0259602822686	6.904	2.88
978	0.0219940696396	6.888	3.24
979	0.0418119608952	6.912	3.6
980	0.0331085473388	6.912	3.24
981	0.0296539508762	6.892	3.24
982	0.0393277026146	6.92	3.6
983	0.0362970764713	6.904	3.24
984	0.0310388306303	6.912	2.88
985	0.0265370040433	6.904	2.88
986	0.0676558681951	6.928	3.6
987	0.0685960567153	6.952	3.24
988	0.0731789655992	6.936	3.24
989	0.0738705769948	6.94	3.24
990	0.0652453820573	6.96	3.6
991	0.0657121600242	6.932	3.24
992	0.0579943108402	6.94	2.88
993	0.0521606569913	6.956	2.88
994	0.0449621923615	6.908	3.24
995	0.0470039883106	6.876	2.88
996	0.0462282586294	6.852	3.24
997	0.0524811813398	6.872	3.24
998	0.0483123582598	6.844	3.24
999	0.0516214681186	6.84	3.24
1000	0.0554173718	6.856	2.88
1001	0.0557595799099	6.864	3.24
1002	0.0757089947443	6.876	3.6
1003	0.0390360840392	6.852	2.52
1004	0.0713688411674	6.824	3.6
1005	0.227547012865	6.784	3.96
1006	0.191900887583	6.82	2.52
1007	0.199490177282	6.82	2.88
1008	0.220148247627	6.8	3.6
1009	0.230256685883	6.788	3.6
1010	0.228495610104	6.784	3.24
1011	0.213368258448	6.768	2.88
1012	0.22798773896	6.744	3.6
1013	0.215977000794	6.732	3.24
1014	0.197835806316	6.716	3.24
1015	0.188786219774	6.652	3.24
1016	0.202141300642	6.656	3.6
1017	0.497594345911	6.676	3.6
1018	0.487859018591	6.704	3.6
1019	0.484034876096	6.632	3.6
1020	0.456196343063	6.632	2.88
1021	0.453514449032	6.628	3.24
1022	0.435330231838	6.66	3.96
1023	0.414634472184	6.656	3.96
1024	0.383580170741	6.664	3.24
1025	0.381285156249	6.612	3.6
1026	0.365631301377	6.684	4.32
1027	0.345421557076	6.72	3.24
1028	0.346522220623	6.74	4.32
1029	0.356857545751	6.748	3.24
1030	0.351024227553	6.764	3.6
1031	0.29367127285	6.752	3.24
1032	0.302129061204	6.832	3.24
1033	0.303428031519	6.812	3.6
1034	0.310315020855	6.832	3.96
1035	0.296400337084	6.796	3.96
1036	0.27916182418	6.796	2.88
1037	0.279961404936	6.832	3.6
1038	0.270697201732	6.828	3.6
1039	0.239169581895	6.82	2.88
1040	0.229713632232	6.804	3.24
1041	0.250502891731	6.82	3.6
1042	0.251739652322	6.8	3.6
1043	0.246492241172	6.804	3.24
1044	0.230595408129	6.828	3.6
1045	0.231691473593	6.836	3.24
1046	0.232001818385	6.8	3.6
1047	0.210448940004	6.836	2.88
1048	0.19058687594	6.884	3.24
1049	0.202845294271	6.88	3.96
1050	0.191225883378	6.868	3.24
1051	0.177838344472	6.888	3.24
1052	0.184317053611	6.868	3.96
1053	0.178028085112	6.876	3.24
1054	0.16734134821	6.892	3.24
1055	0.164854086971	6.896	3.24
1056	0.165402806419	6.908	3.24
1057	0.158522039839	6.936	3.24
1058	0.168362976085	6.952	3.96
1059	0.16454262969	6.928	3.24
1060	0.160482653479	6.932	3.24
1061	0.160850296153	6.932	2.88
1062	0.159764222972	6.912	3.6
1063	0.143765663761	6.892	3.24
1064	0.124888080655	6.928	2.88
1065	0.114641715351	6.904	2.88
1066	0.348445956477	6.884	3.24
1067	0.366407089988	6.872	3.6
1068	0.346187589197	6.916	2.88
1069	0.34156601843	6.92	3.6
1070	0.33449219274	6.92	3.24
1071	0.346518503959	6.944	3.6
1072	0.341886961684	6.952	3.24
1073	0.319699680772	6.968	3.24
1074	0.303051195292	6.944	3.24
1075	0.2983510615	6.9	3.6
1076	0.294749227748	6.888	3.24
1077	0.290694188255	6.852	3.24
1078	0.277512595276	6.872	2.88
1079	0.267753172996	6.872	3.24
1080	0.256576511077	6.876	3.24
1081	0.254414022757	6.828	3.6
1082	0.259406351621	6.828	3.6
1083	0.242480207055	6.772	3.24
1084	0.22721929251	6.752	3.24
1085	0.243515458029	6.74	3.24
1086	0.236283572393	6.7	3.24
1087	0.224023124742	6.7	3.24
1088	0.218365957151	6.72	3.6
1089	0.19887392193	6.712	2.88
1090	0.202479840921	6.704	3.24
1091	0.191907421105	6.68	3.24
1092	0.186223241644	6.684	3.6
1093	0.190816785203	6.676	3.24
1094	0.20698172585	6.68	3.6
1095	0.203438491602	6.676	2.88
1096	0.194443521302	6.696	2.88
1097	0.201689081121	6.696	3.6
1098	0.200565441698	6.74	3.6
1099	0.203636460934	6.712	3.24
1100	0.200429669656	6.648	3.24
1101	0.189530045043	6.612	3.24
1102	0.18705646516	6.608	3.6
1103	0.178483750182	6.616	3.6
1104	0.153356443132	6.548	3.24
1105	0.141488081962	6.564	3.24
1106	0.14301467869	6.548	3.24
1107	0.149014104379	6.548	3.24
1108	0.13904686955	6.532	3.24
1109	0.131219510548	6.52	3.24
1110	0.139997754047	6.508	3.6
1111	0.132387201815	6.456	3.24
1112	0.145288482324	6.464	3.24
1113	0.149788641978	6.484	3.24
1114	0.157878208295	6.472	3.6
1115	0.167708187741	6.468	3.6
1116	0.159124630217	6.48	3.24
1117	0.153880643528	6.48	3.6
1118	0.162984537538	6.472	3.6
1119	0.148885420972	6.5	2.88
1120	0.145374979083	6.48	3.24
1121	0.134714930893	6.456	2.88
1122	0.14562701029	6.508	3.6
1123	0.147290512835	6.46	3.24
1124	0.136926667508	6.476	2.88
1125	0.146108483357	6.464	3.96
1126	0.13447576965	6.424	2.88
1127	0.148998335469	6.42	3.6
1128	0.140197726508	6.404	3.6
1129	0.144007220633	6.44	3.6
1130	0.14219608921	6.432	2.52
1131	0.13767371421	6.376	3.6
1132	0.154986332988	6.416	3.6
1133	0.149042844794	6.36	3.6
1134	0.154141472143	6.408	3.6
1135	0.162495197079	6.408	3.24
1136	0.165090666757	6.436	3.6
1137	0.161769303875	6.464	3.24
1138	0.154736606839	6.46	3.6
1139	0.148809043704	6.46	3.96
1140	0.132464699855	6.46	2.88
1141	0.158946910597	6.512	3.6
1142	0.149229590886	6.524	3.24
1143	0.165165771175	6.48	3.96
1144	0.159703398468	6.472	3.24
1145	0.174898960807	6.536	3.24
1146	0.183700162576	6.496	3.6
1147	0.178805664784	6.596	3.24
1148	0.173971839128	6.592	3.6
1149	0.163215760758	6.6	3.24
1150	0.151710366663	6.604	3.24
1151	0.146348149302	6.576	3.24
1152	0.162920016795	6.544	3.96
1153	0.161992578306	6.524	3.6
1154	0.149469671371	6.504	3.96
1155	0.13458207242	6.484	3.24
1156	0.137594069867	6.488	3.24
1157	0.149550941788	6.48	3.6
1158	0.138132223163	6.512	2.88
1159	0.122601872699	6.48	3.24
1160	0.129510857422	6.464	3.6
1161	0.14600632293	6.472	3.6
1162	0.134073313507	6.48	3.24
1163	0.130015596517	6.48	3.24
1164	0.131731393834	6.48	3.6
1165	0.128417302737	6.456	3.24
1166	0.130850698839	6.436	3.24
1167	0.134826701647	6.456	3.6
1168	0.133572734618	6.456	3.24
1169	0.126433959702	6.416	3.6
1170	0.103631542821	6.408	3.6
1171	0.0938581593422	6.4	2.88
1172	0.0878190084887	6.436	3.6
1173	0.101546944136	6.44	3.96
1174	0.101861028498	6.436	3.24
1175	0.0849705632033	6.404	3.24
1176	0.117781069677	6.4	4.32
1177	0.109333880465	6.372	2.88
1178	0.095943824422	6.38	2.88
1179	0.0759653294024	6.376	3.6
1180	0.0857257426944	6.42	3.24
1181	0.0934937602723	6.404	3.6
1182	0.0925268402645	6.432	2.88
1183	0.0798392348813	6.44	3.24
1184	0.0967703197909	6.452	3.96
1185	0.112800589849	6.46	3.24
1186	0.120364515441	6.48	2.88
1187	0.110226083112	6.48	3.24
1188	0.10377447682	6.54	2.88
1189	0.102754795227	6.532	3.24
1190	0.103482789454	6.516	3.24
1191	0.114016407958	6.508	3.24
1192	0.126696599736	6.516	3.6
1193	0.116955156699	6.508	3.24
1194	0.137283094284	6.528	3.6
1195	0.146816998069	6.528	3.6
1196	0.157763941861	6.492	3.6
1197	0.156474469833	6.452	2.88
1198	0.15262031714	6.428	3.24
1199	0.134550974074	6.396	3.24
1200	0.12316714332	6.376	3.24
1201	0.123490306923	6.4	3.24
1202	0.118004010515	6.368	3.24
1203	0.113042144298	6.384	3.24
1204	0.107323328137	6.368	3.24
1205	0.085383665966	6.348	2.88
1206	0.0916665603729	6.316	3.24
1207	0.0785642271866	6.36	2.52
1208	0.0896240275137	6.388	3.6
1209	0.101085210636	6.368	3.6
1210	0.0739434574071	6.328	2.88
1211	0.057200777312	6.252	2.88
1212	0.0876190987466	6.268	4.32
1213	0.0913515330218	6.304	3.24
1214	0.0986045367727	6.372	3.6
1215	0.105229814431	6.348	3.6
1216	0.110996744647	6.352	3.24
1217	0.102880090933	6.332	3.24
1218	0.111515473702	6.372	3.96
1219	0.102723390944	6.36	3.24
1220	0.0914372341399	6.344	3.24
1221	0.112448928068	6.328	4.32
1222	0.113404622858	6.332	3.6
1223	0.105007772873	6.356	3.24
1224	0.106379472076	6.372	3.6
1225	0.113646279728	6.404	3.6
1226	0.105882912855	6.392	2.88
1227	0.117894743132	6.404	3.6
1228	0.116127594601	6.384	2.88
1229	0.0947984080059	6.38	2.88
1230	0.0915663397526	6.36	3.24
1231	0.104195110428	6.348	3.6
1232	0.103284314545	6.336	3.24
1233	0.105240668565	6.296	3.6
1234	0.104290491498	6.276	3.24
1235	0.0920758234262	6.248	3.24
1236	0.0837394476383	6.216	3.24
1237	0.0830593193953	6.212	3.6
1238	0.0995803713015	6.252	3.6
1239	0.100220677461	6.2	3.96
1240	0.105424236435	6.192	3.6
1241	0.100065961598	6.16	3.24
1242	0.107274693897	6.196	3.24
1243	0.091496302006	6.156	2.88
1244	0.0943783315186	6.148	3.6
1245	0.099069937015	6.14	3.6
1246	0.0957609491932	6.12	3.24
1247	0.113440504762	6.124	3.24
1248	0.135119776762	6.12	3.24
1249	0.128721558907	6.128	3.24
1250	0.13744086022	6.128	3.6
1251	0.139209992417	6.16	3.24
1252	0.138644790186	6.14	3.24
1253	0.153031990838	6.096	3.6
1254	0.1538814299	6.108	3.24
1255	0.153264492161	6.124	3.6
1256	0.145326764749	6.132	3.24
1257	0.129901280591	6.092	3.24
1258	0.137067672303	6.068	3.6
1259	0.145242543576	6.076	3.24
1260	0.149119928926	6.052	3.6
1261	0.148655633018	6.064	3.24
1262	0.150357164322	6.084	3.24
1263	0.147710504301	6.088	3.96
1264	0.144949386183	6.148	3.6
1265	0.136828449834	6.164	3.24
1266	0.12618277638	6.152	3.24
1267	0.126965926715	6.18	3.24
1268	0.137926748694	6.216	3.6
1269	0.134359098985	6.2	3.24
1270	0.12399863492	6.18	3.24
1271	0.1170200397	6.2	3.24
1272	0.127986023496	6.22	3.6
1273	0.140606642262	6.252	3.6
1274	0.159080159682	6.272	3.24
1275	0.173668333532	6.308	3.6
1276	0.162945672449	6.308	3.24
1277	0.166493809948	6.324	3.6
1278	0.315110611158	6.364	3.24
1279	0.339981045006	6.364	4.68
1280	0.342844594449	6.368	3.6
1281	0.337116591655	6.364	3.6
1282	0.331609977337	6.38	3.24
1283	0.325475523582	6.388	3.6
1284	0.312157631727	6.372	3.24
1285	0.29055458949	6.34	3.24
1286	0.277280883713	6.348	3.6
1287	0.275655329976	6.308	3.6
1288	0.289135923902	6.34	3.96
1289	0.286277577461	6.352	3.6
1290	0.300309860432	6.328	3.6
1291	0.298606373004	6.32	3.6
1292	0.283946740588	6.308	3.24
1293	0.276219567689	6.336	3.24
1294	0.276307871145	6.376	3.6
1295	0.27578277856	6.388	3.6
1296	0.29567476573	6.372	3.6
1297	0.301197346707	6.38	3.6
1298	0.300455556414	6.38	3.6
1299	0.314223724728	6.384	3.96
1300	0.324619346966	6.376	3.96
1301	0.335235178024	6.34	4.32
1302	0.309191964002	6.348	2.52
1303	0.314803871001	6.364	3.6
1304	0.313666376442	6.34	3.6
1305	0.307744920252	6.32	3.6
1306	0.308955266614	6.272	3.24
1307	0.320672603395	6.284	3.96
1308	0.315100557127	6.244	3.6
1309	0.308631763824	6.256	2.88
1310	0.307258797553	6.248	3.24
1311	0.313113723724	6.26	3.6
1312	0.311761569492	6.272	3.6
1313	0.305472431155	6.236	3.6
1314	0.291544690767	6.232	3.24
1315	0.295727651782	6.248	3.96
1316	0.289470504862	6.26	3.6
1317	0.289003652365	6.24	3.96
1318	0.305650423969	6.268	3.96
1319	0.293654075765	6.26	3.6
1320	0.291311570306	6.22	3.96
1321	0.291712120465	6.224	3.6
1322	0.29692681588	6.188	3.6
1323	0.387321129167	6.232	3.6
1324	0.374214830247	6.232	3.6
1325	0.368964195899	6.252	3.6
1326	0.365258443956	6.236	3.6
1327	0.352986945855	6.22	3.24
1328	0.373890319985	6.224	4.32
1329	0.371877274559	6.228	3.24
1330	0.363692318052	6.232	3.6
1331	0.361348452877	6.228	3.24
1332	0.354903542693	6.18	3.6
1333	0.351104332967	6.188	3.6
1334	0.347904461194	6.18	3.6
1335	0.346254337586	6.184	3.96
1336	0.347315917049	6.188	3.96
1337	0.34179300023	6.168	3.6
1338	0.333812605359	6.152	3.24
1339	0.349562829699	6.156	3.6
1340	0.358647167358	6.168	3.96
1341	0.370376309617	6.188	3.96
1342	0.367911496406	6.224	3.6
1343	0.353609793603	6.216	3.24
1344	0.367906942601	6.228	3.96
1345	0.37533111343	6.252	3.6
1346	0.344047485317	6.236	2.88
1347	0.361340986356	6.212	3.96
1348	0.35173612963	6.188	3.6
1349	0.338466281674	6.208	3.6
1350	0.317963564498	6.188	2.88
1351	0.319053662048	6.168	3.6
1352	0.296673256771	6.144	3.24
1353	0.284068761645	6.132	3.24
1354	0.305174426406	6.144	3.96
1355	0.308062800233	6.152	3.6
1356	0.313650784962	6.12	4.32
1357	0.306736002185	6.112	3.6
1358	0.309185468488	6.132	3.6
1359	0.304587838756	6.14	3.24
1360	0.307926467363	6.14	