1	10.6060974679	0.0	0.0	10.6060974679	11.7845527421
2	10.3279260783	0.0	-0.0	10.3279260783	11.4754734203
3	10.0230942355	0.0	-0.0	10.0230942355	11.1367713728
4	11.0731654511	0.0	0.0	11.0731654511	12.3035171679
5	10.1903452189	0.0	-0.0	10.1903452189	11.3226057988
6	9.51189968352	0.0	-0.0	9.51189968352	10.5687774261
7	8.71719855414	0.0	-0.0	8.71719855414	9.68577617127
8	9.31653489271	0.0	0.0	9.31653489271	10.3517054363
9	8.75155900825	0.0	-0.0	8.75155900825	9.72395445361
10	9.25915020585	0.0	0.0	9.25915020585	10.2879446732
11	8.9386089702	0.0	-0.0	8.9386089702	9.93178774467
12	8.43000584905	0.0	-0.0	8.43000584905	9.36667316561
13	8.22623846386	0.0	-0.0	8.22623846386	9.14026495984
14	8.51599767129	0.0	0.0	8.51599767129	9.46221963477
15	8.69757282356	0.0	0.0	8.69757282356	9.66396980396
16	8.4906988714	0.0	-0.0	8.4906988714	9.43410985711
17	8.38381009618	0.0	-0.0	8.38381009618	9.31534455132
18	8.07726398983	0.0	-0.0	8.07726398983	8.97473776648
19	8.18680903795	0.0	0.0	8.18680903795	9.09645448661
20	8.13488719925	0.0	-0.0	8.13488719925	9.03876355472
21	7.93227376599	0.0	-0.0	7.93227376599	8.81363751777
22	7.66982174362	0.0	-0.0	7.66982174362	8.52202415958
23	7.21665535127	0.0	-0.0	7.21665535127	8.01850594585
24	6.81532933153	0.0	-0.0	6.81532933153	7.57258814614
25	6.32315677935	0.0	-0.0	6.32315677935	7.02572975483
26	5.82756737362	0.0	-0.0	5.82756737362	6.47507485958
27	5.19719392924	0.0	-0.0	5.19719392924	5.77465992138
28	4.24116768551	0.0	-0.0	4.24116768551	4.71240853946
29	3.32295182813	0.0	-0.0	3.32295182813	3.69216869793
30	2.44291968185	0.0	-0.0	2.44291968185	2.71435520205
31	1.53019593168	0.0	-0.0	1.53019593168	1.70021770187
32	0.80943099987	0.0	-0.0	0.80943099987	0.899367777633
33	0.788258238228	0.0	-0.0	0.788258238228	0.875842486919
34	-3.56135143373	0.0	-0.0	-3.56135143373	-3.95705714859
35	-6.33039947409	0.0	-0.0	-6.33039947409	-7.03377719343
36	-7.26854222011	0.0	-0.0	-7.26854222011	-8.07615802234
37	-6.83373221515	0.0	0.0	-6.83373221515	-7.59303579461
38	-6.64267184644	0.0	0.0	-6.64267184644	-7.38074649605
39	-7.17802142594	0.0	-0.0	-7.17802142594	-7.97557936215
40	-7.96204891627	0.0	-0.0	-7.96204891627	-8.84672101808
41	-8.36911450764	0.0	-0.0	-8.36911450764	-9.2990161196
42	-8.28620080192	0.0	0.0	-8.28620080192	-9.20688977991
43	-8.03529369917	0.0	0.0	-8.03529369917	-8.92810411019
44	-7.95238589348	0.0	0.0	-7.95238589348	-8.83598432609
45	-7.86178169623	0.0	0.0	-7.86178169623	-8.73531299581
46	-7.50530362806	0.0	0.0	-7.50530362806	-8.3392262534
47	-7.22109861092	0.0	0.0	-7.22109861092	-8.02344290102
48	-6.93892481528	0.0	0.0	-6.93892481528	-7.70991646143
49	-6.37130888195	0.0	0.0	-6.37130888195	-7.07923209106
50	-5.33116374482	0.0	0.0	-5.33116374482	-5.92351527203
51	-3.86780151213	0.0	0.0	-3.86780151213	-4.2975572357
52	-2.6782747027	0.0	0.0	-2.6782747027	-2.97586078078
53	-1.14440825256	0.0	0.0	-1.14440825256	-1.27156472506
54	0.394259831605	0.0	0.0	0.394259831605	0.438066479561
55	1.64003231625	0.0	0.0	1.64003231625	1.82225812917
56	2.74961727244	0.0	0.0	2.74961727244	3.05513030271
57	3.37930272032	0.0	0.0	3.37930272032	3.75478080036
58	3.9292235952	0.0	0.0	3.9292235952	4.36580399467
59	4.23708402963	0.0	0.0	4.23708402963	4.70787114403
60	4.53590080183	0.0	0.0	4.53590080183	5.03988977981
61	4.86515726741	0.0	0.0	4.86515726741	5.40573029713
62	5.15839267092	0.0	0.0	5.15839267092	5.73154741213
63	5.57375636346	0.0	0.0	5.57375636346	6.19306262607
64	5.8710103655	0.0	0.0	5.8710103655	6.52334485056
65	6.02115988289	0.0	0.0	6.02115988289	6.69017764766
66	5.956130225	0.0	-0.0	5.956130225	6.61792247223
67	5.79728773579	0.0	-0.0	5.79728773579	6.44143081754
68	5.52704369381	0.0	-0.0	5.52704369381	6.14115965979
69	5.42843302126	0.0	-0.0	5.42843302126	6.03159224585
70	5.0819030749	0.0	-0.0	5.0819030749	5.64655897211
71	4.65677502625	0.0	-0.0	4.65677502625	5.17419447361
72	4.24414107017	0.0	-0.0	4.24414107017	4.71571230019
73	3.78046132167	0.0	-0.0	3.78046132167	4.20051257963
74	3.42988653998	0.0	-0.0	3.42988653998	3.81098504442
75	3.33563099679	0.0	-0.0	3.33563099679	3.7062566631
76	3.17540140048	0.0	-0.0	3.17540140048	3.52822377832
77	2.87549454954	0.0	-0.0	2.87549454954	3.19499394393
78	2.74802251407	0.0	-0.0	2.74802251407	3.05335834897
79	3.40610875738	0.0	0.0	3.40610875738	3.78456528597
80	3.9486555204	0.0	0.0	3.9486555204	4.38739502266
81	4.44059497084	0.0	0.0	4.44059497084	4.93399441204
82	4.87753934977	0.0	0.0	4.87753934977	5.41948816641
83	5.42534898155	0.0	0.0	5.42534898155	6.02816553505
84	6.07737439462	0.0	0.0	6.07737439462	6.75263821625
85	6.51709669626	0.0	0.0	6.51709669626	7.2412185514
86	6.97534640401	0.0	0.0	6.97534640401	7.75038489334
87	7.63608332852	0.0	0.0	7.63608332852	8.48453703169
88	8.31546133332	0.0	0.0	8.31546133332	9.23940148146
89	8.71758229295	0.0	0.0	8.71758229295	9.68620254773
90	9.38335103806	0.0	0.0	9.38335103806	10.4259455978
91	10.1282485679	0.0	0.0	10.1282485679	11.2536095199
92	10.3741734763	0.0	0.0	10.3741734763	11.5268594181
93	9.96148605357	0.0	-0.0	9.96148605357	11.0683178373
94	9.06936935264	0.0	-0.0	9.06936935264	10.0770770585
95	8.44368561932	0.0	-0.0	8.44368561932	9.38187291036
96	7.903935031	0.0	-0.0	7.903935031	8.78215003445
97	6.91420925283	0.0	-0.0	6.91420925283	7.68245472537
98	6.12413935372	0.0	-0.0	6.12413935372	6.80459928191
99	5.44733679392	0.0	-0.0	5.44733679392	6.05259643769
100	4.68503162604	0.0	-0.0	4.68503162604	5.2055906956
101	2.73897027793	0.0	-0.0	2.73897027793	3.04330030881
102	0.702273134592	0.0	-0.0	0.702273134592	0.78030348288
103	-0.308082032314	0.0	-0.0	-0.308082032314	-0.342313369238
104	-0.543350110971	0.0	-0.0	-0.543350110971	-0.603722345523
105	-0.203868990852	0.0	0.0	-0.203868990852	-0.226521100947
106	0.0659024477424	0.0	0.0	0.0659024477424	0.073224941936
107	0.293073776968	0.0	0.0	0.293073776968	0.325637529965
108	0.812372622917	0.0	0.0	0.812372622917	0.902636247685
109	1.57091986913	0.0	0.0	1.57091986913	1.74546652126
110	2.49128238196	0.0	0.0	2.49128238196	2.76809153551
111	3.40268055305	0.0	0.0	3.40268055305	3.78075617005
112	4.14323164976	0.0	0.0	4.14323164976	4.60359072196
113	4.71684171922	0.0	0.0	4.71684171922	5.24093524358
114	4.96411594688	0.0	0.0	4.96411594688	5.51568438542
115	4.97097567547	0.0	0.0	4.97097567547	5.52330630608
116	4.90510863758	0.0	-0.0	4.90510863758	5.45012070842
117	4.87758935358	0.0	-0.0	4.87758935358	5.4195437262
118	4.99653478416	0.0	0.0	4.99653478416	5.55170531573
119	5.20288918563	0.0	0.0	5.20288918563	5.78098798403
120	5.2424145299	0.0	0.0	5.2424145299	5.82490503322
121	5.19314031806	0.0	-0.0	5.19314031806	5.77015590896
122	5.01675265138	0.0	-0.0	5.01675265138	5.57416961265
123	4.60237232224	0.0	-0.0	4.60237232224	5.11374702471
124	4.08093729251	0.0	-0.0	4.08093729251	4.53437476945
125	3.82242340077	0.0	-0.0	3.82242340077	4.24713711196
126	3.69885240863	0.0	-0.0	3.69885240863	4.10983600958
127	3.63109937333	0.0	-0.0	3.63109937333	4.03455485926
128	3.64394234529	0.0	0.0	3.64394234529	4.0488248281
129	3.76422480874	0.0	0.0	3.76422480874	4.18247200971
130	3.98773693531	0.0	0.0	3.98773693531	4.43081881701
131	4.14335025663	0.0	0.0	4.14335025663	4.60372250737
132	4.07742548316	0.0	-0.0	4.07742548316	4.53047275907
133	4.00315661907	0.0	-0.0	4.00315661907	4.44795179897
134	4.08999846392	0.0	0.0	4.08999846392	4.54444273769
135	4.22676904767	0.0	0.0	4.22676904767	4.69641005296
136	4.41769226436	0.0	0.0	4.41769226436	4.9085469604
137	4.55916450852	0.0	0.0	4.55916450852	5.0657383428
138	4.65845123432	0.0	0.0	4.65845123432	5.17605692702
139	4.88209312484	0.0	0.0	4.88209312484	5.42454791649
140	5.0721267676	0.0	0.0	5.0721267676	5.63569640845
141	5.28398272611	0.0	0.0	5.28398272611	5.8710919179
142	5.46777218861	0.0	0.0	5.46777218861	6.07530243179
143	5.47152286392	0.0	0.0	5.47152286392	6.0794698488
144	5.37651842816	0.0	-0.0	5.37651842816	5.97390936462
145	5.26636473278	0.0	-0.0	5.26636473278	5.85151636976
146	5.02826460636	0.0	-0.0	5.02826460636	5.58696067374
147	4.77152884945	0.0	-0.0	4.77152884945	5.30169872161
148	4.34894999704	0.0	-0.0	4.34894999704	4.83216666337
149	3.98605035542	0.0	-0.0	3.98605035542	4.42894483936
150	3.52726032598	0.0	-0.0	3.52726032598	3.91917813998
151	3.15194139718	0.0	-0.0	3.15194139718	3.50215710797
152	2.8633387706	0.0	-0.0	2.8633387706	3.18148752289
153	2.63504766433	0.0	-0.0	2.63504766433	2.92783073815
154	2.48952795406	0.0	-0.0	2.48952795406	2.76614217117
155	2.21863718688	0.0	-0.0	2.21863718688	2.46515242987
156	1.85175164937	0.0	-0.0	1.85175164937	2.05750183263
157	1.36450953733	0.0	-0.0	1.36450953733	1.51612170814
158	0.904506825655	0.0	-0.0	0.904506825655	1.00500758406
159	0.539866357817	0.0	-0.0	0.539866357817	0.599851508685
160	0.249237915291	0.0	-0.0	0.249237915291	0.27693101699
161	-0.183209507153	0.0	-0.0	-0.183209507153	-0.203566119058
162	-0.71884205405	0.0	-0.0	-0.71884205405	-0.798713393389
163	-1.00546197395	0.0	-0.0	-1.00546197395	-1.11717997106
164	-1.21214894619	0.0	-0.0	-1.21214894619	-1.34683216243
165	-1.28852908951	0.0	-0.0	-1.28852908951	-1.43169898834
166	-1.50430098394	0.0	-0.0	-1.50430098394	-1.67144553771
167	-1.71181744015	0.0	-0.0	-1.71181744015	-1.90201937794
168	-1.81545412586	0.0	-0.0	-1.81545412586	-2.01717125095
169	-1.77248062612	0.0	0.0	-1.77248062612	-1.96942291791
170	-1.68099131605	0.0	0.0	-1.68099131605	-1.86776812895
171	-1.53197027641	0.0	0.0	-1.53197027641	-1.70218919602
172	-1.41396431958	0.0	0.0	-1.41396431958	-1.5710714662
173	-1.40338304303	0.0	0.0	-1.40338304303	-1.55931449225
174	-1.46940526241	0.0	-0.0	-1.46940526241	-1.63267251379
175	-1.71862424775	0.0	-0.0	-1.71862424775	-1.9095824975
176	-2.02359206663	0.0	-0.0	-2.02359206663	-2.24843562959
177	-2.39973257955	0.0	-0.0	-2.39973257955	-2.66636953283
178	-2.76519904932	0.0	-0.0	-2.76519904932	-3.07244338813
179	-3.01082745377	0.0	-0.0	-3.01082745377	-3.34536383752
180	-2.8794438056	0.0	0.0	-2.8794438056	-3.19938200623
181	-3.20411631522	0.0	-0.0	-3.20411631522	-3.56012923914
182	-3.76365981614	0.0	-0.0	-3.76365981614	-4.18184424016
183	-4.06095440089	0.0	-0.0	-4.06095440089	-4.51217155655
184	-4.29790352292	0.0	-0.0	-4.29790352292	-4.7754483588
185	-4.33230235443	0.0	-0.0	-4.33230235443	-4.8136692827
186	-4.37006032254	0.0	-0.0	-4.37006032254	-4.8556225806
187	-4.6355746549	0.0	-0.0	-4.6355746549	-5.15063850544
188	-4.98082628781	0.0	-0.0	-4.98082628781	-5.53425143091
189	-5.24371864623	0.0	-0.0	-5.24371864623	-5.82635405137
190	-5.48908820364	0.0	-0.0	-5.48908820364	-6.09898689293
191	-5.62227472164	0.0	-0.0	-5.62227472164	-6.24697191294
192	-5.51661653701	0.0	0.0	-5.51661653701	-6.12957393002
193	-5.49121147152	0.0	0.0	-5.49121147152	-6.10134607946
194	-5.65725927446	0.0	-0.0	-5.65725927446	-6.28584363829
195	-5.73833576365	0.0	-0.0	-5.73833576365	-6.37592862628
196	-6.11839614669	0.0	-0.0	-6.11839614669	-6.79821794076
197	-6.94574820396	0.0	-0.0	-6.94574820396	-7.7174980044
198	-8.01440401383	0.0	-0.0	-8.01440401383	-8.9048933487
199	-8.76939961199	0.0	-0.0	-8.76939961199	-9.74377734665
200	-9.0121866126	0.0	-0.0	-9.0121866126	-10.0135406807
201	-8.63998606137	0.0	0.0	-8.63998606137	-9.59998451263
202	-8.06431087854	0.0	0.0	-8.06431087854	-8.9603454206
203	-7.44433724328	0.0	0.0	-7.44433724328	-8.27148582587
204	-6.95880987359	0.0	0.0	-6.95880987359	-7.73201097066
205	-6.74371381462	0.0	0.0	-6.74371381462	-7.49301534958
206	-6.6868131026	0.0	0.0	-6.6868131026	-7.42979233622
207	-6.59337293733	0.0	0.0	-6.59337293733	-7.32596993036
208	-6.43595051305	0.0	0.0	-6.43595051305	-7.15105612561
209	-6.35216227109	0.0	0.0	-6.35216227109	-7.05795807899
210	-6.14679791647	0.0	0.0	-6.14679791647	-6.82977546275
211	-5.94542580718	0.0	0.0	-5.94542580718	-6.60602867465
212	-5.90131424562	0.0	0.0	-5.90131424562	-6.55701582846
213	-5.86954984436	0.0	0.0	-5.86954984436	-6.52172204929
214	-5.53400916196	0.0	0.0	-5.53400916196	-6.14889906884
215	-4.93488722148	0.0	0.0	-4.93488722148	-5.48320802387
216	-4.7378577349	0.0	0.0	-4.7378577349	-5.26428637211
217	-4.76070756373	0.0	-0.0	-4.76070756373	-5.28967507081
218	-4.42220116866	0.0	0.0	-4.42220116866	-4.91355685406
219	-3.77537807288	0.0	0.0	-3.77537807288	-4.19486452542
220	-3.25810544821	0.0	0.0	-3.25810544821	-3.62011716468
221	-3.05570661531	0.0	0.0	-3.05570661531	-3.39522957256
222	-2.95359318876	0.0	0.0	-2.95359318876	-3.28177020974
223	-2.73267814748	0.0	0.0	-2.73267814748	-3.03630905275
224	-2.42362932226	0.0	0.0	-2.42362932226	-2.69292146917
225	-2.22032219092	0.0	0.0	-2.22032219092	-2.46702465658
226	-2.03561183336	0.0	0.0	-2.03561183336	-2.26179092595
227	-1.61771483258	0.0	0.0	-1.61771483258	-1.79746092509
228	-1.42581203169	0.0	0.0	-1.42581203169	-1.58423559077
229	-1.45400020013	0.0	-0.0	-1.45400020013	-1.61555577793
230	-1.38555417081	0.0	0.0	-1.38555417081	-1.53950463423
231	-1.26765221723	0.0	0.0	-1.26765221723	-1.40850246359
232	-1.24477845304	0.0	0.0	-1.24477845304	-1.38308717004
233	-1.37022692807	0.0	-0.0	-1.37022692807	-1.52247436452
234	-1.38790640073	0.0	-0.0	-1.38790640073	-1.54211822303
235	-1.25996746677	0.0	0.0	-1.25996746677	-1.39996385196
236	-1.22608792843	0.0	0.0	-1.22608792843	-1.36231992047
237	-1.27050508786	0.0	-0.0	-1.27050508786	-1.41167231985
238	-1.45706939574	0.0	-0.0	-1.45706939574	-1.61896599526
239	-1.71354451558	0.0	-0.0	-1.71354451558	-1.90393835064
240	-1.75936416777	0.0	-0.0	-1.75936416777	-1.9548490753
241	-1.67839282384	0.0	0.0	-1.67839282384	-1.86488091538
242	-1.62770148216	0.0	0.0	-1.62770148216	-1.8085572024
243	-1.59624963023	0.0	0.0	-1.59624963023	-1.77361070025
244	-1.5548604751	0.0	0.0	-1.5548604751	-1.72762275011
245	-1.54917936233	0.0	0.0	-1.54917936233	-1.72131040259
246	-1.54955266597	0.0	-0.0	-1.54955266597	-1.72172518441
247	-1.59292928147	0.0	-0.0	-1.59292928147	-1.76992142385
248	-1.57425906354	0.0	0.0	-1.57425906354	-1.74917673727
249	-1.50759281006	0.0	0.0	-1.50759281006	-1.67510312229
250	-1.52006508981	0.0	-0.0	-1.52006508981	-1.6889612109
251	-1.50973633469	0.0	0.0	-1.50973633469	-1.67748481633
252	-1.48003471354	0.0	0.0	-1.48003471354	-1.64448301504
253	-1.47736493906	0.0	0.0	-1.47736493906	-1.64151659896
254	-1.66715616887	0.0	-0.0	-1.66715616887	-1.85239574318
255	-1.92914505098	0.0	-0.0	-1.92914505098	-2.14349450109
256	-1.99167271205	0.0	-0.0	-1.99167271205	-2.21296968006
257	-1.96688407978	0.0	0.0	-1.96688407978	-2.18542675531
258	-1.97298330177	0.0	-0.0	-1.97298330177	-2.19220366863
259	-1.97417813655	0.0	-0.0	-1.97417813655	-2.19353126283
260	-1.9464142247	0.0	0.0	-1.9464142247	-2.16268247189
261	-1.93492757201	0.0	0.0	-1.93492757201	-2.14991952446
262	-1.94437541952	0.0	-0.0	-1.94437541952	-2.1604171328
263	-1.89590680114	0.0	0.0	-1.89590680114	-2.10656311238
264	-1.8152120181	0.0	0.0	-1.8152120181	-2.01690224233
265	-1.78571354732	0.0	0.0	-1.78571354732	-1.98412616369
266	-1.78836803653	0.0	-0.0	-1.78836803653	-1.98707559614
267	-1.74953028042	0.0	0.0	-1.74953028042	-1.9439225338
268	-1.68308515178	0.0	0.0	-1.68308515178	-1.87009461309
269	-1.65950646882	0.0	0.0	-1.65950646882	-1.84389607646
270	-1.66201749485	0.0	-0.0	-1.66201749485	-1.84668610538
271	-1.67678516188	0.0	-0.0	-1.67678516188	-1.86309462431
272	-1.7382274051	0.0	-0.0	-1.7382274051	-1.93136378345
273	-1.9473151966	0.0	-0.0	-1.9473151966	-2.16368355178
274	-2.18811525266	0.0	-0.0	-2.18811525266	-2.43123916962
275	-2.35380591369	0.0	-0.0	-2.35380591369	-2.6153399041
276	-2.48658331979	0.0	-0.0	-2.48658331979	-2.76287035532
277	-2.76615063293	0.0	-0.0	-2.76615063293	-3.07350070326
278	-3.1086370428	0.0	-0.0	-3.1086370428	-3.45404115867
279	-3.66392285405	0.0	-0.0	-3.66392285405	-4.07102539339
280	-4.23401911229	0.0	-0.0	-4.23401911229	-4.70446568032
281	-4.5441789313	0.0	-0.0	-4.5441789313	-5.04908770144
282	-4.67575340215	0.0	-0.0	-4.67575340215	-5.19528155795
283	-4.81932847246	0.0	-0.0	-4.81932847246	-5.35480941385
284	-5.11910367304	0.0	-0.0	-5.11910367304	-5.68789297004
285	-5.4962236283	0.0	-0.0	-5.4962236283	-6.10691514255
286	-5.92079481125	0.0	-0.0	-5.92079481125	-6.57866090139
287	-6.34385047804	0.0	-0.0	-6.34385047804	-7.04872275338
288	-6.65731943127	0.0	-0.0	-6.65731943127	-7.3970215903
289	-6.793463169	0.0	-0.0	-6.793463169	-7.54829241
290	-6.90717408434	0.0	-0.0	-6.90717408434	-7.67463787148
291	-7.17149864145	0.0	-0.0	-7.17149864145	-7.96833182383
292	-7.42756023676	0.0	-0.0	-7.42756023676	-8.25284470751
293	-7.65983527044	0.0	-0.0	-7.65983527044	-8.51092807827
294	-7.86332781653	0.0	-0.0	-7.86332781653	-8.73703090726
295	-8.17693858875	0.0	-0.0	-8.17693858875	-9.08548732083
296	-8.5571837459	0.0	-0.0	-8.5571837459	-9.50798193989
297	-8.85970953262	0.0	-0.0	-8.85970953262	-9.84412170291
298	-9.13439426613	0.0	-0.0	-9.13439426613	-10.1493269624
299	-9.37708974428	0.0	-0.0	-9.37708974428	-10.4189886048
300	-9.55928270564	0.0	-0.0	-9.55928270564	-10.6214252285
301	-9.63788150558	0.0	-0.0	-9.63788150558	-10.7087572284
302	-9.60750539484	0.0	0.0	-9.60750539484	-10.6750059943
303	-9.50505664484	0.0	0.0	-9.50505664484	-10.5611740498
304	-9.06737121479	0.0	0.0	-9.06737121479	-10.0748569053
305	-8.28574759171	0.0	0.0	-8.28574759171	-9.20638621301
306	-7.57823009705	0.0	0.0	-7.57823009705	-8.42025566339
307	-7.1246729206	0.0	0.0	-7.1246729206	-7.91630324511
308	-6.7187418914	0.0	0.0	-6.7187418914	-7.46526876822
309	-6.11397159122	0.0	0.0	-6.11397159122	-6.79330176802
310	-5.53668795477	0.0	0.0	-5.53668795477	-6.1518755053
311	-4.89335930023	0.0	0.0	-4.89335930023	-5.43706588914
312	-4.2663759902	0.0	0.0	-4.2663759902	-4.74041776688
313	-3.73841913468	0.0	0.0	-3.73841913468	-4.15379903853
314	-3.26925113494	0.0	0.0	-3.26925113494	-3.63250126105
315	-2.90472085155	0.0	0.0	-2.90472085155	-3.22746761284
316	-2.60371880386	0.0	0.0	-2.60371880386	-2.89302089318
317	-2.34790807301	0.0	0.0	-2.34790807301	-2.60878674779
318	-2.15170964754	0.0	0.0	-2.15170964754	-2.39078849727
319	-2.11457002613	0.0	0.0	-2.11457002613	-2.34952225125
320	-2.10293410464	0.0	0.0	-2.10293410464	-2.33659344961
321	-2.06536228379	0.0	0.0	-2.06536228379	-2.29484698199
322	-1.96863416295	0.0	0.0	-1.96863416295	-2.18737129216
323	-1.90546439288	0.0	0.0	-1.90546439288	-2.11718265876
324	-1.94311533933	0.0	-0.0	-1.94311533933	-2.1590170437
325	-1.95488704047	0.0	-0.0	-1.95488704047	-2.17209671163
326	-1.88579879877	0.0	0.0	-1.88579879877	-2.09533199863
327	-1.83392623309	0.0	0.0	-1.83392623309	-2.03769581455
328	-1.54042914081	0.0	0.0	-1.54042914081	-1.71158793423
329	-1.20964412751	0.0	0.0	-1.20964412751	-1.34404903057
330	-0.834539208358	0.0	0.0	-0.834539208358	-0.927265787064
331	-0.574767261565	0.0	0.0	-0.574767261565	-0.638630290628
332	-0.293229366977	0.0	0.0	-0.293229366977	-0.325810407752
333	0.103275500804	0.0	0.0	0.103275500804	0.114750556449
334	0.519743730329	0.0	0.0	0.519743730329	0.577493033699
335	0.824818086859	0.0	0.0	0.824818086859	0.916464540954
336	0.982584498299	0.0	0.0	0.982584498299	1.09176055367
337	1.25002434009	0.0	0.0	1.25002434009	1.38891593343
338	1.67235506605	0.0	0.0	1.67235506605	1.85817229562
339	2.29637912504	0.0	0.0	2.29637912504	2.55153236116
340	2.84304019336	0.0	0.0	2.84304019336	3.15893354818
341	3.2861891976	0.0	0.0	3.2861891976	3.65132133066
342	3.78808824805	0.0	0.0	3.78808824805	4.20898694228
343	4.24642987981	0.0	0.0	4.24642987981	4.71825542201
344	4.88876716521	0.0	0.0	4.88876716521	5.4319635169
345	5.46216919263	0.0	0.0	5.46216919263	6.0690768807
346	5.92985402035	0.0	0.0	5.92985402035	6.58872668927
347	6.57625331544	0.0	0.0	6.57625331544	7.30694812827
348	7.22898777245	0.0	0.0	7.22898777245	8.03220863605
349	7.91743865794	0.0	0.0	7.91743865794	8.79715406438
350	8.5978702087	0.0	0.0	8.5978702087	9.55318912078
351	9.03049050263	0.0	0.0	9.03049050263	10.0338783363
352	9.36244043416	0.0	0.0	9.36244043416	10.4027115935
353	9.78636943214	0.0	0.0	9.78636943214	10.8737438135
354	10.1336785483	0.0	0.0	10.1336785483	11.2596428315
355	10.3198936117	0.0	0.0	10.3198936117	11.4665484574
356	10.4853505148	0.0	0.0	10.4853505148	11.6503894609
357	10.6079944198	0.0	0.0	10.6079944198	11.7866604664
358	10.5665746117	0.0	-0.0	10.5665746117	11.7406384575
359	10.4598591557	0.0	-0.0	10.4598591557	11.6220657286
360	10.2151234242	0.0	-0.0	10.2151234242	11.350137138
361	10.049589529	0.0	-0.0	10.049589529	11.1662105878
362	9.72837276847	0.0	-0.0	9.72837276847	10.8093030761
363	9.23910912881	0.0	-0.0	9.23910912881	10.2656768098
364	8.62868615977	0.0	-0.0	8.62868615977	9.58742906641
365	8.04497220255	0.0	-0.0	8.04497220255	8.93885800283
366	7.65125201782	0.0	-0.0	7.65125201782	8.50139113091
367	7.27318051847	0.0	-0.0	7.27318051847	8.08131168719
368	6.80326486755	0.0	-0.0	6.80326486755	7.55918318617
369	6.22343748168	0.0	-0.0	6.22343748168	6.9149305352
370	5.58361685803	0.0	-0.0	5.58361685803	6.20401873115
371	5.39091517401	0.0	-0.0	5.39091517401	5.9899057489
372	5.43143856954	0.0	0.0	5.43143856954	6.03493174393
373	5.12036274157	0.0	-0.0	5.12036274157	5.68929193507
374	4.05652788238	0.0	-0.0	4.05652788238	4.50725320265
375	3.19033754125	0.0	-0.0	3.19033754125	3.54481949028
376	2.67590383174	0.0	-0.0	2.67590383174	2.97322647971
377	2.53451590595	0.0	-0.0	2.53451590595	2.81612878439
378	2.28407418031	0.0	-0.0	2.28407418031	2.53786020034
379	1.92064176201	0.0	-0.0	1.92064176201	2.13404640224
380	1.67457498561	0.0	-0.0	1.67457498561	1.8606388729
381	1.46451044113	0.0	-0.0	1.46451044113	1.62723382348
382	1.19485812512	0.0	-0.0	1.19485812512	1.32762013902
383	0.87583396801	0.0	-0.0	0.87583396801	0.973148853344
384	0.752268328095	0.0	-0.0	0.752268328095	0.835853697884
385	0.773060207272	0.0	0.0	0.773060207272	0.858955785857
386	0.789660465401	0.0	0.0	0.789660465401	0.877400517112
387	0.760596868449	0.0	-0.0	0.760596868449	0.84510763161
388	0.766031438372	0.0	0.0	0.766031438372	0.851146042635
389	0.813089384682	0.0	0.0	0.813089384682	0.903432649647
390	0.829797639274	0.0	0.0	0.829797639274	0.921997376972
391	0.825519877249	0.0	-0.0	0.825519877249	0.917244308054
392	0.822619359765	0.0	-0.0	0.822619359765	0.91402151085
393	0.830590127028	0.0	0.0	0.830590127028	0.92287791892
394	0.820330374341	0.0	-0.0	0.820330374341	0.911478193712
395	0.806301993542	0.0	-0.0	0.806301993542	0.895891103935
396	0.795815387587	0.0	-0.0	0.795815387587	0.884239319541
397	0.79299744985	0.0	-0.0	0.79299744985	0.881108277611
398	0.776951413461	0.0	-0.0	0.776951413461	0.86327934829
399	0.730599090283	0.0	-0.0	0.730599090283	0.811776766981
400	0.702555332729	0.0	-0.0	0.702555332729	0.780617036366
401	0.6844868468	0.0	-0.0	0.6844868468	0.760540940889
402	0.656809540469	0.0	-0.0	0.656809540469	0.729788378299
403	0.635493340293	0.0	-0.0	0.635493340293	0.706103711436
404	0.57782331952	0.0	-0.0	0.57782331952	0.642025910578
405	0.52623477992	0.0	-0.0	0.52623477992	0.584705311023
406	0.477860685068	0.0	-0.0	0.477860685068	0.530956316743
407	0.441464251229	0.0	-0.0	0.441464251229	0.490515834699
408	0.390149380295	0.0	-0.0	0.390149380295	0.433499311439
409	0.366927012924	0.0	-0.0	0.366927012924	0.407696681027
410	0.337436507073	0.0	-0.0	0.337436507073	0.374929452303
411	0.288698308374	0.0	-0.0	0.288698308374	0.320775898194
412	0.247801583885	0.0	-0.0	0.247801583885	0.275335093205
413	0.199478431831	0.0	-0.0	0.199478431831	0.221642702034
414	0.157019982352	0.0	-0.0	0.157019982352	0.174466647058
415	0.114384376479	0.0	-0.0	0.114384376479	0.127093751643
416	0.0430180946573	0.0	-0.0	0.0430180946573	0.0477978829525
417	0.000816167876463	0.0	-0.0	0.000816167876463	0.00090685319607
418	-0.0507531610482	0.0	-0.0	-0.0507531610482	-0.0563924011647
419	-0.100802703887	0.0	-0.0	-0.100802703887	-0.112003004319
420	-0.183478836842	0.0	-0.0	-0.183478836842	-0.203865374269
421	-0.273784312733	0.0	-0.0	-0.273784312733	-0.304204791926
422	-0.450912019743	0.0	-0.0	-0.450912019743	-0.501013355269
423	-0.685281885846	0.0	-0.0	-0.685281885846	-0.761424317607
424	-0.834203840129	0.0	-0.0	-0.834203840129	-0.926893155698
425	-0.840392326789	0.0	-0.0	-0.840392326789	-0.933769251988
426	-0.588833017952	0.0	0.0	-0.588833017952	-0.654258908835
427	-0.187183563399	0.0	0.0	-0.187183563399	-0.20798173711
428	0.188076757201	0.0	0.0	0.188076757201	0.208974174668
429	0.563361256961	0.0	0.0	0.563361256961	0.625956952179
430	0.776097944744	0.0	0.0	0.776097944744	0.862331049716
431	0.831292857871	0.0	0.0	0.831292857871	0.923658730968
432	0.882800433	0.0	0.0	0.882800433	0.98088937
433	1.07148540297	0.0	0.0	1.07148540297	1.19053933663
434	1.26695614058	0.0	0.0	1.26695614058	1.40772904509
435	1.29549491204	0.0	0.0	1.29549491204	1.43943879115
436	1.25432803927	0.0	-0.0	1.25432803927	1.39369782141
437	1.29729275868	0.0	0.0	1.29729275868	1.44143639853
438	1.30540634704	0.0	0.0	1.30540634704	1.45045149671
439	1.21701349991	0.0	-0.0	1.21701349991	1.35223722212
440	1.17446065621	0.0	-0.0	1.17446065621	1.30495628467
441	1.13650082083	0.0	-0.0	1.13650082083	1.26277868982
442	1.04388481796	0.0	-0.0	1.04388481796	1.15987201996
443	0.928139783671	0.0	-0.0	0.928139783671	1.0312664263
444	0.82441508446	0.0	-0.0	0.82441508446	0.916016760511
445	0.713112302635	0.0	-0.0	0.713112302635	0.792347002928
446	0.600226701277	0.0	-0.0	0.600226701277	0.666918556975
447	0.50515842624	0.0	-0.0	0.50515842624	0.561287140267
448	0.384603470346	0.0	-0.0	0.384603470346	0.427337189273
449	0.280018856975	0.0	-0.0	0.280018856975	0.311132063306
450	0.13901354276	0.0	-0.0	0.13901354276	0.154459491956
451	0.00746187835298	0.0	-0.0	0.00746187835298	0.00829097594776
452	-0.2422948782	0.0	-0.0	-0.2422948782	-0.269216531334
453	-0.497073730563	0.0	-0.0	-0.497073730563	-0.55230414507
454	-0.351539026239	0.0	0.0	-0.351539026239	-0.390598918043
455	-0.338537713462	0.0	0.0	-0.338537713462	-0.376153014958
456	-0.452437422403	0.0	-0.0	-0.452437422403	-0.502708247114
457	-0.375292112341	0.0	0.0	-0.375292112341	-0.416991235935
458	-0.241408917623	0.0	0.0	-0.241408917623	-0.268232130692
459	-0.0144549848034	0.0	0.0	-0.0144549848034	-0.016061094226
460	0.169941291862	0.0	0.0	0.169941291862	0.188823657624
461	0.39133924303	0.0	0.0	0.39133924303	0.434821381144
462	0.470505897724	0.0	0.0	0.470505897724	0.522784330805
463	0.358085473538	0.0	-0.0	0.358085473538	0.397872748376
464	0.216783173135	0.0	-0.0	0.216783173135	0.240870192372
465	0.495402156718	0.0	0.0	0.495402156718	0.550446840797
466	0.8625156177	0.0	0.0	0.8625156177	0.958350686333
467	1.00951400432	0.0	0.0	1.00951400432	1.12168222703
468	1.0283585328	0.0	0.0	1.0283585328	1.142620592
469	1.10725112055	0.0	0.0	1.10725112055	1.23027902283
470	1.22493732857	0.0	0.0	1.22493732857	1.36104147619
471	1.3259853378	0.0	0.0	1.3259853378	1.473317042
472	1.31770339504	0.0	-0.0	1.31770339504	1.46411488338
473	1.27755102495	0.0	-0.0	1.27755102495	1.41950113883
474	1.25315799644	0.0	-0.0	1.25315799644	1.39239777383
475	1.20224671309	0.0	-0.0	1.20224671309	1.33582968121
476	1.12760048105	0.0	-0.0	1.12760048105	1.25288942339
477	1.0555919329	0.0	-0.0	1.0555919329	1.17287992545
478	0.962542156997	0.0	-0.0	0.962542156997	1.06949128555
479	0.879854817395	0.0	-0.0	0.879854817395	0.977616463773
480	0.74824314173	0.0	-0.0	0.74824314173	0.831381268589
481	0.642041861663	0.0	-0.0	0.642041861663	0.713379846292
482	0.544426965249	0.0	-0.0	0.544426965249	0.604918850277
483	0.466584817654	0.0	-0.0	0.466584817654	0.518427575171
484	0.38903217777	0.0	-0.0	0.38903217777	0.4322579753
485	0.237322426452	0.0	-0.0	0.237322426452	0.263691584947
486	0.0880681031384	0.0	-0.0	0.0880681031384	0.0978534479316
487	0.0723406222888	0.0	-0.0	0.0723406222888	0.0803784692098
488	0.167162732611	0.0	0.0	0.167162732611	0.185736369568
489	0.196058342309	0.0	0.0	0.196058342309	0.217842602565
490	0.10893741879	0.0	-0.0	0.10893741879	0.121041576433
491	0.0304058289744	0.0	-0.0	0.0304058289744	0.033784254416
492	-0.146108053533	0.0	-0.0	-0.146108053533	-0.162342281704
493	-0.0898970314272	0.0	0.0	-0.0898970314272	-0.0998855904747
494	0.235177591247	0.0	0.0	0.235177591247	0.261308434719
495	0.494308629573	0.0	0.0	0.494308629573	0.549231810637
496	0.797778536704	0.0	0.0	0.797778536704	0.886420596338
497	0.902914702131	0.0	0.0	0.902914702131	1.00323855792
498	0.980458622421	0.0	0.0	0.980458622421	1.08939846936
499	1.12450117216	0.0	0.0	1.12450117216	1.24944574685
500	1.24040267996	0.0	0.0	1.24040267996	1.37822519996
501	1.33738322053	0.0	0.0	1.33738322053	1.48598135615
502	1.39543253022	0.0	0.0	1.39543253022	1.55048058913
503	1.55951537912	0.0	0.0	1.55951537912	1.73279486569
504	1.81796910335	0.0	0.0	1.81796910335	2.01996567039
505	1.99024091121	0.0	0.0	1.99024091121	2.21137879024
506	2.0026240553	0.0	0.0	2.0026240553	2.22513783922
507	2.02953208739	0.0	0.0	2.02953208739	2.25503565266
508	2.10674510832	0.0	0.0	2.10674510832	2.34082789813
509	2.14417852507	0.0	0.0	2.14417852507	2.38242058341
510	2.13961502106	0.0	-0.0	2.13961502106	2.3773500234
511	2.09889719142	0.0	-0.0	2.09889719142	2.33210799047
512	2.07703382483	0.0	-0.0	2.07703382483	2.30781536092
513	2.01258595518	0.0	-0.0	2.01258595518	2.23620661686
514	1.92693771296	0.0	-0.0	1.92693771296	2.14104190329
515	1.85503589268	0.0	-0.0	1.85503589268	2.06115099186
516	1.7817582886	0.0	-0.0	1.7817582886	1.97973143178
517	1.67311278531	0.0	-0.0	1.67311278531	1.8590142059
518	1.60369006205	0.0	-0.0	1.60369006205	1.78187784673
519	1.51368677566	0.0	-0.0	1.51368677566	1.68187419518
520	1.42542515056	0.0	-0.0	1.42542515056	1.58380572284
521	1.34635277952	0.0	-0.0	1.34635277952	1.49594753279
522	1.29487881296	0.0	-0.0	1.29487881296	1.43875423663
523	1.24448492717	0.0	-0.0	1.24448492717	1.38276103019
524	1.17915228052	0.0	-0.0	1.17915228052	1.31016920058
525	1.13833659962	0.0	-0.0	1.13833659962	1.26481844402
526	1.09008782071	0.0	-0.0	1.09008782071	1.21120868967
527	1.06798421249	0.0	-0.0	1.06798421249	1.18664912498
528	1.045988687	0.0	-0.0	1.045988687	1.16220965222
529	1.02256151981	0.0	-0.0	1.02256151981	1.13617946645
530	0.896062086907	0.0	-0.0	0.896062086907	0.995624541008
531	0.74249877324	0.0	-0.0	0.74249877324	0.824998636934
532	0.889841242083	0.0	0.0	0.889841242083	0.988712491203
533	1.24088410068	0.0	0.0	1.24088410068	1.37876011187
534	1.42666922724	0.0	0.0	1.42666922724	1.58518803027
535	1.467597573	0.0	0.0	1.467597573	1.63066397
536	1.53414111676	0.0	0.0	1.53414111676	1.70460124084
537	1.70020353201	0.0	0.0	1.70020353201	1.88911503557
538	1.78686891395	0.0	0.0	1.78686891395	1.98540990438
539	1.81260070241	0.0	0.0	1.81260070241	2.01400078045
540	1.83517894215	0.0	0.0	1.83517894215	2.0390877135
541	1.8310691924	0.0	-0.0	1.8310691924	2.03452132489
542	1.78404958993	0.0	-0.0	1.78404958993	1.98227732215
543	1.75049999843	0.0	-0.0	1.75049999843	1.94499999826
544	1.70870757081	0.0	-0.0	1.70870757081	1.89856396757
545	1.64705829333	0.0	-0.0	1.64705829333	1.83006477037
546	1.57353757539	0.0	-0.0	1.57353757539	1.74837508377
547	1.48721858813	0.0	-0.0	1.48721858813	1.65246509792
548	1.41594243885	0.0	-0.0	1.41594243885	1.5732693765
549	1.36311474498	0.0	-0.0	1.36311474498	1.51457193886
550	1.29188852636	0.0	-0.0	1.29188852636	1.43543169596
551	1.22649795754	0.0	-0.0	1.22649795754	1.36277550838
552	1.18776148214	0.0	-0.0	1.18776148214	1.31973498016
553	1.13988592254	0.0	-0.0	1.13988592254	1.26653991394
554	1.11777589247	0.0	-0.0	1.11777589247	1.24197321385
555	1.08332402416	0.0	-0.0	1.08332402416	1.20369336018
556	1.05823861472	0.0	-0.0	1.05823861472	1.17582068302
557	1.05228190773	0.0	-0.0	1.05228190773	1.1692021197
558	1.02747645472	0.0	-0.0	1.02747645472	1.14164050525
559	1.00231869609	0.0	-0.0	1.00231869609	1.1136874401
560	0.996242362827	0.0	-0.0	0.996242362827	1.1069359587
561	0.98282913604	0.0	-0.0	0.98282913604	1.09203237338
562	1.08419271678	0.0	0.0	1.08419271678	1.2046585742
563	1.07050753453	0.0	-0.0	1.07050753453	1.18945281614
564	1.04665322855	0.0	-0.0	1.04665322855	1.16294803172
565	1.05391745968	0.0	0.0	1.05391745968	1.17101939964
566	1.06794678489	0.0	0.0	1.06794678489	1.18660753877
567	1.03910539732	0.0	-0.0	1.03910539732	1.15456155258
568	1.04780908388	0.0	0.0	1.04780908388	1.16423231543
569	1.03244052263	0.0	-0.0	1.03244052263	1.14715613625
570	1.02569700203	0.0	-0.0	1.02569700203	1.13966333559
571	1.03472701573	0.0	0.0	1.03472701573	1.14969668414
572	1.02483335515	0.0	-0.0	1.02483335515	1.13870372794
573	1.02318040159	0.0	-0.0	1.02318040159	1.13686711288
574	1.00554934076	0.0	-0.0	1.00554934076	1.11727704529
575	0.997084820049	0.0	-0.0	0.997084820049	1.10787202228
576	1.00284466407	0.0	0.0	1.00284466407	1.11427184897
577	1.00523612283	0.0	0.0	1.00523612283	1.11692902537
578	0.998934860298	0.0	-0.0	0.998934860298	1.10992762255
579	0.970990844393	0.0	-0.0	0.970990844393	1.07887871599
580	0.961561723021	0.0	-0.0	0.961561723021	1.06840191447
581	0.951851301076	0.0	-0.0	0.951851301076	1.05761255675
582	0.941720394655	0.0	-0.0	0.941720394655	1.04635599406
583	0.942946083904	0.0	0.0	0.942946083904	1.047717871
584	0.928931174886	0.0	-0.0	0.928931174886	1.03214574987
585	0.921288786036	0.0	-0.0	0.921288786036	1.02365420671
586	0.916013238546	0.0	-0.0	0.916013238546	1.01779248727
587	0.906645178535	0.0	-0.0	0.906645178535	1.00738353171
588	0.888406055647	0.0	-0.0	0.888406055647	0.987117839608
589	0.889773173098	0.0	0.0	0.889773173098	0.988636858998
590	0.896469623672	0.0	0.0	0.896469623672	0.996077359635
591	0.88900986776	0.0	-0.0	0.88900986776	0.987788741956
592	0.874923255519	0.0	-0.0	0.874923255519	0.972136950577
593	0.87449880277	0.0	-0.0	0.87449880277	0.971665336411
594	0.835929234117	0.0	-0.0	0.835929234117	0.92881026013
595	0.793340147649	0.0	-0.0	0.793340147649	0.881489052943
596	0.853649349128	0.0	0.0	0.853649349128	0.948499276808
597	0.949864477542	0.0	0.0	0.949864477542	1.05540497505
598	0.987459890751	0.0	0.0	0.987459890751	1.09717765639
599	0.956131192365	0.0	-0.0	0.956131192365	1.06236799152
600	0.965275459259	0.0	0.0	0.965275459259	1.07252828807
601	0.976012625744	0.0	0.0	0.976012625744	1.08445847305
602	0.942930472363	0.0	-0.0	0.942930472363	1.04770052485
603	0.936622538306	0.0	-0.0	0.936622538306	1.04069170923
604	1.10937307927	0.0	0.0	1.10937307927	1.23263675475
605	0.877518046959	0.0	-0.0	0.877518046959	0.975020052177
606	0.0759790593855	0.0	-0.0	0.0759790593855	0.084421177095
607	-0.598068841994	0.0	-0.0	-0.598068841994	-0.664520935549
608	-0.28491942715	0.0	0.0	-0.28491942715	-0.316577141278
609	0.652752931567	0.0	0.0	0.652752931567	0.725281035075
610	1.30026052637	0.0	0.0	1.30026052637	1.44473391819
611	1.35782649072	0.0	0.0	1.35782649072	1.5086961008
612	1.12139833712	0.0	-0.0	1.12139833712	1.24599815235
613	1.26608693248	0.0	0.0	1.26608693248	1.40676325831
614	1.83880425155	0.0	0.0	1.83880425155	2.04311583505
615	2.29026362677	0.0	0.0	2.29026362677	2.54473736308
616	2.63083747648	0.0	0.0	2.63083747648	2.92315275165
617	2.54949300131	0.0	-0.0	2.54949300131	2.83277000145
618	2.6250805278	0.0	0.0	2.6250805278	2.916756142
619	2.72539391393	0.0	0.0	2.72539391393	3.02821545992
620	2.70742715142	0.0	-0.0	2.70742715142	3.00825239047
621	2.67823311165	0.0	-0.0	2.67823311165	2.9758145685
622	2.65042647315	0.0	-0.0	2.65042647315	2.9449183035
623	2.63802513508	0.0	-0.0	2.63802513508	2.93113903898
624	2.57433037541	0.0	-0.0	2.57433037541	2.86036708379
625	2.52626664418	0.0	-0.0	2.52626664418	2.80696293798
626	2.47014789243	0.0	-0.0	2.47014789243	2.74460876936
627	2.4249879676	0.0	-0.0	2.4249879676	2.69443107511
628	2.3326694864	0.0	-0.0	2.3326694864	2.59185498489
629	2.26376373643	0.0	-0.0	2.26376373643	2.51529304048
630	2.22298755237	0.0	-0.0	2.22298755237	2.4699861693
631	2.16757189146	0.0	-0.0	2.16757189146	2.40841321273
632	2.10464766249	0.0	-0.0	2.10464766249	2.33849740277
633	2.04621905246	0.0	-0.0	2.04621905246	2.27357672496
634	2.02062883122	0.0	-0.0	2.02062883122	2.2451431458
635	1.97907162652	0.0	-0.0	1.97907162652	2.19896847391
636	1.97515651173	0.0	-0.0	1.97515651173	2.19461834637
637	1.92890129458	0.0	-0.0	1.92890129458	2.14322366064
638	1.90325555559	0.0	-0.0	1.90325555559	2.1147283951
639	1.88663874625	0.0	-0.0	1.88663874625	2.09626527361
640	1.8677996338	0.0	-0.0	1.8677996338	2.07533292644
641	1.87441912193	0.0	0.0	1.87441912193	2.08268791326
642	1.88271741541	0.0	0.0	1.88271741541	2.09190823934
643	1.89380175115	0.0	0.0	1.89380175115	2.10422416795
644	1.8852883785	0.0	-0.0	1.8852883785	2.094764865
645	1.9071052703	0.0	0.0	1.9071052703	2.11900585589
646	1.91211369087	0.0	0.0	1.91211369087	2.12457076763
647	1.91632586296	0.0	0.0	1.91632586296	2.12925095884
648	1.92545318181	0.0	0.0	1.92545318181	2.13939242424
649	1.91034704635	0.0	-0.0	1.91034704635	2.12260782928
650	1.92935572548	0.0	0.0	1.92935572548	2.14372858387
651	1.92807162704	0.0	-0.0	1.92807162704	2.14230180782
652	1.91983682189	0.0	-0.0	1.91983682189	2.13315202432
653	1.90629094463	0.0	-0.0	1.90629094463	2.11810104959
654	1.91917343674	0.0	0.0	1.91917343674	2.13241492971
655	1.91836389332	0.0	-0.0	1.91836389332	2.13151543702
656	1.91866067208	0.0	0.0	1.91866067208	2.1318451912
657	1.92673962483	0.0	0.0	1.92673962483	2.14082180536
658	1.92242308427	0.0	-0.0	1.92242308427	2.13602564919
659	1.91210622014	0.0	-0.0	1.91210622014	2.12456246682
660	1.9093195337	0.0	-0.0	1.9093195337	2.12146614856
661	1.91502948323	0.0	0.0	1.91502948323	2.12781053692
662	1.91850046303	0.0	0.0	1.91850046303	2.13166718114
663	1.90136699514	0.0	-0.0	1.90136699514	2.1126299946
664	1.8931508552	0.0	-0.0	1.8931508552	2.10350095022
665	-0.00493545859592	0.0	-0.0	-0.00493545859592	-0.00548384288436
666	-0.00577984963803	0.0	-0.0	-0.00577984963803	-0.00642205515336
667	-0.0112750842701	0.0	-0.0	-0.0112750842701	-0.0125278714112
668	-0.00260471927862	0.0	0.0	-0.00260471927862	-0.0028941325318
669	0.0134552252828	0.0	0.0	0.0134552252828	0.0149502503142
670	0.0101582429088	0.0	-0.0	0.0101582429088	0.0112869365654
671	0.0312067966275	0.0	0.0	0.0312067966275	0.034674218475
672	0.0275416417871	0.0	-0.0	0.0275416417871	0.0306018242079
673	0.0183204383522	0.0	-0.0	0.0183204383522	0.0203560426136
674	0.00426483930363	0.0	-0.0	0.00426483930363	0.00473871033736
675	-0.0104352699015	0.0	-0.0	-0.0104352699015	-0.011594744335
676	0.0214782313399	0.0	0.0	0.0214782313399	0.0238647014887
677	0.0253236708465	0.0	0.0	0.0253236708465	0.0281374120517
678	0.0192259380514	0.0	-0.0	0.0192259380514	0.0213621533905
679	0.0336994674139	0.0	0.0	0.0336994674139	0.0374438526821
680	0.0154183072073	0.0	-0.0	0.0154183072073	0.0171314524525
681	0.0049633763859	0.0	-0.0	0.0049633763859	0.005514862651
682	0.0106208614368	0.0	0.0	0.0106208614368	0.011800957152
683	-0.00605430836959	0.0	-0.0	-0.00605430836959	-0.00672700929955
684	-0.00897478647644	0.0	-0.0	-0.00897478647644	-0.00997198497382
685	-0.00726322341945	0.0	0.0	-0.00726322341945	-0.00807024824383
686	-0.00989202901209	0.0	-0.0	-0.00989202901209	-0.0109911433468
687	0.0052730888677	0.0	0.0	0.0052730888677	0.00585898763078
688	0.00871017308066	0.0	0.0	0.00871017308066	0.00967797008962
689	0.00713807383389	0.0	-0.0	0.00713807383389	0.00793119314877
690	0.0041002022583	0.0	-0.0	0.0041002022583	0.004555780287
691	0.00343015196827	0.0	-0.0	0.00343015196827	0.00381127996475
692	-0.00343857481066	0.0	-0.0	-0.00343857481066	-0.00382063867851
693	-0.00631224701791	0.0	-0.0	-0.00631224701791	-0.00701360779768
694	-0.0253265327324	0.0	-0.0	-0.0253265327324	-0.0281405919249
695	-0.0310189685794	0.0	-0.0	-0.0310189685794	-0.0344655206438
696	-0.0294913021341	0.0	0.0	-0.0294913021341	-0.0327681134824
697	-0.0254315513483	0.0	0.0	-0.0254315513483	-0.0282572792758
698	-0.0315465480861	0.0	-0.0	-0.0315465480861	-0.0350517200956
699	-0.0338284719833	0.0	-0.0	-0.0338284719833	-0.0375871910925
700	-0.0289243139487	0.0	0.0	-0.0289243139487	-0.0321381266096
701	-0.0371055983485	0.0	-0.0	-0.0371055983485	-0.0412284426095
702	-0.0296596618725	0.0	0.0	-0.0296596618725	-0.0329551798583
703	-0.0334411616157	0.0	-0.0	-0.0334411616157	-0.0371568462397
704	-0.039648798276	0.0	-0.0	-0.039648798276	-0.0440542203067
705	-0.0489131473894	0.0	-0.0	-0.0489131473894	-0.0543479415438
706	-0.0498027465818	0.0	-0.0	-0.0498027465818	-0.0553363850908
707	-0.0304040337123	0.0	0.0	-0.0304040337123	-0.0337822596804
708	-0.0377396873186	0.0	-0.0	-0.0377396873186	-0.0419329859096
709	-0.0338237110267	0.0	0.0	-0.0338237110267	-0.0375819011408
710	-0.0280083931044	0.0	0.0	-0.0280083931044	-0.0311204367827
711	-0.0117103585789	0.0	0.0	-0.0117103585789	-0.0130115095322
712	-0.00986264561501	0.0	0.0	-0.00986264561501	-0.0109584951278
713	-0.0213585484515	0.0	-0.0	-0.0213585484515	-0.0237317205016
714	-0.0189605407733	0.0	0.0	-0.0189605407733	-0.0210672675259
715	-0.0139714718841	0.0	0.0	-0.0139714718841	-0.015523857649
716	-0.000444172533467	0.0	0.0	-0.000444172533467	-0.000493525037186
717	-0.00628764904334	0.0	-0.0	-0.00628764904334	-0.00698627671482
718	0.080500969305	0.0	0.0	0.080500969305	0.08944552145
719	0.0753948975164	0.0	-0.0	0.0753948975164	0.0837721083515
720	0.101067572606	0.0	0.0	0.101067572606	0.112297302895
721	0.109793925704	0.0	0.0	0.109793925704	0.121993250783
722	0.0982440337465	0.0	-0.0	0.0982440337465	0.109160037496
723	0.0995673827779	0.0	0.0	0.0995673827779	0.110630425309
724	0.111227607979	0.0	0.0	0.111227607979	0.123586231088
725	0.0969427375041	0.0	-0.0	0.0969427375041	0.107714152782
726	0.0996946144526	0.0	0.0	0.0996946144526	0.110771793836
727	0.0748077366227	0.0	-0.0	0.0748077366227	0.0831197073585
728	0.0686784300577	0.0	-0.0	0.0686784300577	0.0763093667307
729	0.0369215194293	0.0	-0.0	0.0369215194293	0.041023910477
730	0.020677282597	0.0	-0.0	0.020677282597	0.0229747584411
731	0.0369218981535	0.0	0.0	0.0369218981535	0.0410243312817
732	0.0495324650794	0.0	0.0	0.0495324650794	0.0550360723105
733	0.0441504595338	0.0	-0.0	0.0441504595338	0.0490560661487
734	0.0341659524272	0.0	-0.0	0.0341659524272	0.0379621693636
735	0.0233466291286	0.0	-0.0	0.0233466291286	0.0259406990318
736	0.0150333939736	0.0	-0.0	0.0150333939736	0.0167037710818
737	0.0504427201902	0.0	0.0	0.0504427201902	0.056047466878
738	0.0412665048598	0.0	-0.0	0.0412665048598	0.0458516720665
739	0.0375458046885	0.0	-0.0	0.0375458046885	0.041717560765
740	0.00787536607881	0.0	-0.0	0.00787536607881	0.00875040675423
741	0.00901367421708	0.0	0.0	0.00901367421708	0.0100151935745
742	-0.00264493148447	0.0	-0.0	-0.00264493148447	-0.00293881276052
743	-0.011001998455	0.0	-0.0	-0.011001998455	-0.0122244427277
744	-0.0126196434328	0.0	-0.0	-0.0126196434328	-0.0140218260365
745	-0.0112839964627	0.0	0.0	-0.0112839964627	-0.0125377738474
746	-0.0164395225254	0.0	-0.0	-0.0164395225254	-0.0182661361394
747	-9.46826432933e-05	0.0	0.0	-9.46826432933e-05	-0.000105202936993
748	0.00486110156458	0.0	0.0	0.00486110156458	0.00540122396064
749	0.000796357089819	0.0	-0.0	0.000796357089819	0.00088484121091
750	-0.00778378031063	0.0	-0.0	-0.00778378031063	-0.00864864478959
751	-0.0147681234095	0.0	-0.0	-0.0147681234095	-0.0164090260105
752	-0.0140881346032	0.0	0.0	-0.0140881346032	-0.0156534828925
753	-0.0144000742771	0.0	-0.0	-0.0144000742771	-0.0160000825301
754	-0.0165889461961	0.0	-0.0	-0.0165889461961	-0.0184321624401
755	-0.0293528295877	0.0	-0.0	-0.0293528295877	-0.0326142550975
756	-0.0263011361689	0.0	0.0	-0.0263011361689	-0.0292234846321
757	-0.0273408637029	0.0	-0.0	-0.0273408637029	-0.0303787374477
758	-0.0275366192358	0.0	-0.0	-0.0275366192358	-0.0305962435953
759	-0.0448283357356	0.0	-0.0	-0.0448283357356	-0.0498092619284
760	-0.0436891598901	0.0	0.0	-0.0436891598901	-0.048543510989
761	-0.0442124236601	0.0	-0.0	-0.0442124236601	-0.0491249151779
762	-0.0366960939204	0.0	0.0	-0.0366960939204	-0.0407734376894
763	-0.048707253273	0.0	-0.0	-0.048707253273	-0.0541191703033
764	-0.0355196124228	0.0	0.0	-0.0355196124228	-0.0394662360253
765	-0.0191537503964	0.0	0.0	-0.0191537503964	-0.0212819448849
766	-0.0410581653557	0.0	-0.0	-0.0410581653557	-0.0456201837285
767	-0.0344160620996	0.0	0.0	-0.0344160620996	-0.0382400689995
768	-0.0246064957381	0.0	0.0	-0.0246064957381	-0.0273405508201
769	-0.0370964910805	0.0	-0.0	-0.0370964910805	-0.0412183234227
770	-0.0357506983871	0.0	0.0	-0.0357506983871	-0.0397229982079
771	-0.0408361278739	0.0	-0.0	-0.0408361278739	-0.0453734754155
772	-0.0488008437806	0.0	-0.0	-0.0488008437806	-0.0542231597562
773	-0.0363223171739	0.0	0.0	-0.0363223171739	-0.0403581301932
774	-0.0241861142211	0.0	0.0	-0.0241861142211	-0.0268734602457
775	-0.0221313113265	0.0	0.0	-0.0221313113265	-0.0245903459184
776	-0.0200149314475	0.0	0.0	-0.0200149314475	-0.0222388127194
777	-0.0267159388951	0.0	-0.0	-0.0267159388951	-0.0296843765501
778	-0.0108434593691	0.0	0.0	-0.0108434593691	-0.0120482881879
779	-0.0251839891887	0.0	-0.0	-0.0251839891887	-0.0279822102096
780	-0.0366063582612	0.0	-0.0	-0.0366063582612	-0.0406737314014
781	0.0660267783267	0.0	0.0	0.0660267783267	0.0733630870296
782	0.0511869842175	0.0	-0.0	0.0511869842175	0.0568744269083
783	0.0512446310768	0.0	0.0	0.0512446310768	0.0569384789742
784	0.033671600968	0.0	-0.0	0.033671600968	0.0374128899644
785	0.0268188412864	0.0	-0.0	0.0268188412864	0.0297987125404
786	0.0363154556979	0.0	0.0	0.0363154556979	0.040350506331
787	0.0398717719358	0.0	0.0	0.0398717719358	0.0443019688176
788	0.0161720821335	0.0	-0.0	0.0161720821335	0.0179689801484
789	0.020522357932	0.0	0.0	0.020522357932	0.0228026199245
790	0.0093083651385	0.0	-0.0	0.0093083651385	0.0103426279317
791	0.00805719299477	0.0	-0.0	0.00805719299477	0.00895243666086
792	0.107449298623	0.0	0.0	0.107449298623	0.119388109581
793	0.0759439042748	0.0	-0.0	0.0759439042748	0.0843821158609
794	0.0769823901293	0.0	0.0	0.0769823901293	0.0855359890326
795	0.0741684436852	0.0	-0.0	0.0741684436852	0.0824093818724
796	0.0844145015142	0.0	0.0	0.0844145015142	0.0937938905713
797	0.0955812809025	0.0	0.0	0.0955812809025	0.106201423225
798	0.0849197178354	0.0	-0.0	0.0849197178354	0.0943552420394
799	0.0787300941607	0.0	-0.0	0.0787300941607	0.0874778824007
800	0.0937938390335	0.0	0.0	0.0937938390335	0.104215376704
801	0.0882680596602	0.0	-0.0	0.0882680596602	0.0980756218447
802	0.0810017329723	0.0	-0.0	0.0810017329723	0.0900019255248
803	0.0807236047385	0.0	-0.0	0.0807236047385	0.0896928941539
804	0.0600817606495	0.0	-0.0	0.0600817606495	0.0667575118328
805	0.0758568051648	0.0	0.0	0.0758568051648	0.084285339072
806	0.0871989422728	0.0	0.0	0.0871989422728	0.0968877136364
807	0.0889391037056	0.0	0.0	0.0889391037056	0.0988212263395
808	0.0593802717627	0.0	-0.0	0.0593802717627	0.0659780797363
809	0.0591729970195	0.0	-0.0	0.0591729970195	0.0657477744661
810	0.0383437041222	0.0	-0.0	0.0383437041222	0.0426041156914
811	0.0347216956439	0.0	-0.0	0.0347216956439	0.0385796618266
812	0.0257230375906	0.0	-0.0	0.0257230375906	0.0285811528785
813	0.0197067358355	0.0	-0.0	0.0197067358355	0.0218963731506
814	0.0086200794952	0.0	-0.0	0.0086200794952	0.00957786610578
815	0.00967622697637	0.0	0.0	0.00967622697637	0.0107513633071
816	0.0157829885276	0.0	0.0	0.0157829885276	0.0175366539196
817	0.0081603844748	0.0	-0.0	0.0081603844748	0.00906709386089
818	-0.00353253815531	0.0	-0.0	-0.00353253815531	-0.00392504239479
819	-0.00681004402458	0.0	-0.0	-0.00681004402458	-0.00756671558287
820	-0.00690169042909	0.0	-0.0	-0.00690169042909	-0.00766854492121
821	-0.0207059401324	0.0	-0.0	-0.0207059401324	-0.0230066001471
822	0.00144400464614	0.0	0.0	0.00144400464614	0.00160444960682
823	-0.0204850415878	0.0	-0.0	-0.0204850415878	-0.0227611573198
824	-0.0261766422527	0.0	-0.0	-0.0261766422527	-0.0290851580585
825	-0.0427109189474	0.0	-0.0	-0.0427109189474	-0.0474565766082
826	-0.0559602765333	0.0	-0.0	-0.0559602765333	-0.062178085037
827	-0.0640147043073	0.0	-0.0	-0.0640147043073	-0.0711274492303
828	-0.0504411186909	0.0	0.0	-0.0504411186909	-0.0560456874343
829	-0.0518037704532	0.0	-0.0	-0.0518037704532	-0.057559744948
830	-0.0485120398075	0.0	0.0	-0.0485120398075	-0.0539022664527
831	-0.0406074494103	0.0	0.0	-0.0406074494103	-0.0451193882337
832	-0.0526340053486	0.0	-0.0	-0.0526340053486	-0.0584822281652
833	-0.0749058673727	0.0	-0.0	-0.0749058673727	-0.0832287415252
834	-0.0790109103174	0.0	-0.0	-0.0790109103174	-0.0877899003527
835	-0.0759370450945	0.0	0.0	-0.0759370450945	-0.0843744945494
836	-0.0691002028283	0.0	0.0	-0.0691002028283	-0.0767780031425
837	-0.0692205329065	0.0	-0.0	-0.0692205329065	-0.0769117032295
838	-0.0717830833294	0.0	-0.0	-0.0717830833294	-0.0797589814771
839	-0.0694138031641	0.0	0.0	-0.0694138031641	-0.0771264479601
840	-0.0659146292408	0.0	0.0	-0.0659146292408	-0.0732384769342
841	-0.0631164889359	0.0	0.0	-0.0631164889359	-0.070129432151
842	-0.0665900112079	0.0	-0.0	-0.0665900112079	-0.0739889013421
843	-0.0891772536387	0.0	-0.0	-0.0891772536387	-0.0990858373763
844	-0.0838474503586	0.0	0.0	-0.0838474503586	-0.0931638337318
845	-0.0800504607132	0.0	0.0	-0.0800504607132	-0.088944956348
846	-0.0562077383667	0.0	0.0	-0.0562077383667	-0.0624530426297
847	-0.0500594591114	0.0	0.0	-0.0500594591114	-0.0556216212349
848	-0.0480492048918	0.0	0.0	-0.0480492048918	-0.0533880054353
849	-0.0710479045795	0.0	-0.0	-0.0710479045795	-0.0789421161995
850	-0.0710819089013	0.0	-0.0	-0.0710819089013	-0.0789798987792
851	-0.0513506104436	0.0	0.0	-0.0513506104436	-0.0570562338263
852	-0.0618343092759	0.0	-0.0	-0.0618343092759	-0.0687047880844
853	-0.0564451772099	0.0	0.0	-0.0564451772099	-0.0627168635665
854	-0.0569133459838	0.0	-0.0	-0.0569133459838	-0.0632370510931
855	-0.0857397943115	0.0	-0.0	-0.0857397943115	-0.0952664381239
856	-0.060855530572	0.0	0.0	-0.060855530572	-0.0676172561912
857	-0.0695454265984	0.0	-0.0	-0.0695454265984	-0.0772726962204
858	-0.0597106389259	0.0	0.0	-0.0597106389259	-0.0663451543621
859	-0.0579190320073	0.0	0.0	-0.0579190320073	-0.0643544800081
860	-0.0548876126872	0.0	0.0	-0.0548876126872	-0.0609862363191
861	-0.0606890172957	0.0	-0.0	-0.0606890172957	-0.0674322414396
862	-0.0570345774266	0.0	0.0	-0.0570345774266	-0.0633717526962
863	-0.0578162220467	0.0	-0.0	-0.0578162220467	-0.0642402467185
864	-0.0688432325493	0.0	-0.0	-0.0688432325493	-0.0764924806104
865	-0.0655228640292	0.0	0.0	-0.0655228640292	-0.0728031822546
866	-0.065486954611	0.0	0.0	-0.065486954611	-0.0727632829011
867	-0.0469588207508	0.0	0.0	-0.0469588207508	-0.0521764675008
868	-0.0656990737248	0.0	-0.0	-0.0656990737248	-0.0729989708053
869	-0.0552532517784	0.0	0.0	-0.0552532517784	-0.061392501976
870	-0.0606626582387	0.0	-0.0	-0.0606626582387	-0.0674029535986
871	-0.0615349079914	0.0	-0.0	-0.0615349079914	-0.0683721199904
872	-0.0546294408223	0.0	0.0	-0.0546294408223	-0.0606993786915
873	-0.046315534608	0.0	0.0	-0.046315534608	-0.05146170512
874	-0.0587997260038	0.0	-0.0	-0.0587997260038	-0.0653330288931
875	-0.0548034773026	0.0	0.0	-0.0548034773026	-0.0608927525584
876	-0.0407271783333	0.0	0.0	-0.0407271783333	-0.0452524203703
877	-0.0435997631411	0.0	-0.0	-0.0435997631411	-0.0484441812679
878	-0.0512272547132	0.0	-0.0	-0.0512272547132	-0.0569191719036
879	-0.0621354009071	0.0	-0.0	-0.0621354009071	-0.0690393343412
880	-0.0652377711411	0.0	-0.0	-0.0652377711411	-0.072486412379
881	-0.072808885459	0.0	-0.0	-0.072808885459	-0.0808987616211
882	-0.0720082995829	0.0	0.0	-0.0720082995829	-0.0800092217588
883	-0.0642011241772	0.0	0.0	-0.0642011241772	-0.0713345824191
884	-0.0862789863279	0.0	-0.0	-0.0862789863279	-0.0958655403644
885	-0.0703026533976	0.0	0.0	-0.0703026533976	-0.0781140593307
886	-0.0626267056318	0.0	0.0	-0.0626267056318	-0.0695852284797
887	-0.0629305628492	0.0	-0.0	-0.0629305628492	-0.0699228476103
888	-0.0671299788844	0.0	-0.0	-0.0671299788844	-0.0745888654271
889	-0.0750521532011	0.0	-0.0	-0.0750521532011	-0.0833912813346
890	-0.0772520982476	0.0	-0.0	-0.0772520982476	-0.0858356647196
891	-0.0742204574888	0.0	0.0	-0.0742204574888	-0.0824671749876
892	-0.0717799558629	0.0	0.0	-0.0717799558629	-0.0797555065144
893	-0.0815843582027	0.0	-0.0	-0.0815843582027	-0.0906492868919
894	-0.0826770218598	0.0	-0.0	-0.0826770218598	-0.091863357622
895	-0.0814156669433	0.0	0.0	-0.0814156669433	-0.0904618521592
896	-0.0756466699251	0.0	0.0	-0.0756466699251	-0.0840518554724
897	-0.0572954469361	0.0	0.0	-0.0572954469361	-0.0636616077068
898	-0.0730748489593	0.0	-0.0	-0.0730748489593	-0.0811942766215
899	-0.403520165349	-0.0032281613228	-0.0152583682211	-0.422006694893	-0.468896327659
900	-0.432693785995	-0.00668971161076	-0.0116694482584	-0.451052945864	-0.501169939849
901	-0.400435391827	-0.00989319474537	0.0129033576675	-0.397425228905	-0.441583587672
902	-0.342346030067	-0.0126319629859	0.023235744704	-0.331742248349	-0.368602498165
903	-0.44533952688	-0.0161946792009	-0.0411973987253	-0.502731604806	-0.558590672007
904	-0.530839317335	-0.0204413937396	-0.034199916182	-0.585480627257	-0.650534030285
905	-0.603906526795	-0.025272645954	-0.0292268837839	-0.658406056533	-0.731562285036
906	-0.430570984548	-0.0287172138304	0.0693342168987	-0.38995398148	-0.433282201644
907	-0.156238241161	-0.0299671197597	0.109733097355	-0.076472263566	-0.08496918174
908	0.338856737562	-0.0272562658592	0.198037991489	0.509638463192	0.566264959102
909	0.52152011211	-0.0230841049623	0.0730653498192	0.571501356967	0.635001507741
910	0.644829756841	-0.0179254669076	0.0493238578923	0.676228147825	0.751364608695
911	0.805786232111	-0.0114791770507	0.0643825901082	0.858689645169	0.954099605743
912	0.900072925734	-0.00427859364479	0.0377146774491	0.933509009538	1.03723223282
913	0.816860841027	0.00225629308342	-0.0332848338829	0.785832300227	0.873147000253
914	0.712565799149	0.00795681947661	-0.0417180167513	0.678804601874	0.754227335415
915	0.705214612044	0.013598536373	-0.00294047484162	0.715872673576	0.795414081751
916	0.651705679423	0.0188121818084	-0.0214035730485	0.649114288183	0.721238097981
917	0.517056675679	0.0229486352138	-0.0538596014977	0.486145709395	0.540161899328
918	0.337741251837	0.0256505652285	-0.071726169537	0.291665647528	0.324072941698
919	0.198143008234	0.0272357092943	-0.0558392974411	0.169539420087	0.18837713343
920	-0.0298142835596	0.0269971950259	-0.0911829167174	-0.0940000052512	-0.104444450279
921	-0.164580932176	0.0256805475685	-0.0539066594467	-0.192807044054	-0.214230048949
922	-0.238094407383	0.0237757923094	-0.0294053900827	-0.243724005156	-0.270804450174
923	-0.230172678582	0.0219344108807	0.0031686915205	-0.205069576181	-0.227855084645
924	-0.407496456653	0.0186744392275	-0.0709295112285	-0.459751528654	-0.510835031838
925	-0.406271355388	0.0154242683844	0.000490040506004	-0.390357046498	-0.433730051664
926	-0.355922158531	0.0125768911162	0.0201396787431	-0.323205588671	-0.359117320746
927	-0.358465195716	0.00970916955044	-0.00101721487425	-0.34977324104	-0.388636934489
928	-0.268473106761	0.00756138469635	0.0359968355821	-0.224914886483	-0.249905429425
929	-0.215147456645	0.00584020504319	0.0213302600466	-0.187976991555	-0.20886332395
930	-0.205686095107	0.00419471628234	0.00378454461506	-0.197706834209	-0.219674260233
931	-0.200089258154	0.00259400221711	0.00223873478126	-0.195256521155	-0.216951690173
932	-0.20704131843	0.000937671669668	-0.00278082411061	-0.208884470871	-0.232093856524
933	-0.134675260475	-0.00013973041413	0.0289464231822	-0.105868567707	-0.117631741896
934	-0.0848145437325	-0.00081824676399	0.0199442866969	-0.0656885037996	-0.072987226444
935	-0.0651471895079	-0.00133942428005	0.00786694168985	-0.0586196720981	-0.0651329689979
936	0.0423664140974	-0.00100049296727	0.0430054414421	0.0843713625722	0.0937459584136
937	0.0457468687784	-0.000634518017047	0.0013521818724	0.0464645326337	0.0516272584819
938	0.0386535140892	-0.000325289904333	-0.00283734187568	0.0354908823092	0.0394343136768
939	-0.0192586722508	-0.00047935928234	-0.023164874536	-0.0429029060691	-0.0476698956323
940	-0.0142754162803	-0.000593562612582	0.00199330238821	-0.0128756765046	-0.0143063072274
941	-0.0354229562359	-0.000876946262469	-0.00845901598225	-0.0447589184806	-0.0497321316451
942	-0.0191471079388	-0.00103012312598	0.00651033931883	-0.0136668917459	-0.0151854352733
943	-0.0609476707028	-0.0015177044916	-0.0167202251056	-0.0791856003	-0.0879840003333
944	-0.114986680689	-0.00243759793712	-0.0216156039946	-0.139039882621	-0.154488758468
945	-0.180459853591	-0.00388127676584	-0.0261892691606	-0.210530399517	-0.23392266613
946	-0.222711461506	-0.0056629684579	-0.0169006431662	-0.245275073131	-0.272527859034
947	-0.188357652935	-0.00716982968137	0.0137415234287	-0.181785959187	-0.201984399097
948	-0.218498153366	-0.0089178149083	-0.0120562001725	-0.239472168447	-0.266080187163
949	-0.326031679654	-0.0115260683455	-0.0430134105152	-0.380571158515	-0.422856842794
950	-0.22772572488	-0.0133478741446	0.0393223819095	-0.201751217115	-0.224168019017
951	-0.177650602008	-0.0147690789606	0.0200300491488	-0.17238963182	-0.191544035356
952	-0.128469947078	-0.0157968385373	0.0196722619719	-0.124594523644	-0.138438359604
953	-0.168045151269	-0.0171411997474	-0.0158300816763	-0.201016432693	-0.223351591881
954	-0.206381425018	-0.0187922511476	-0.0153345094995	-0.240508185665	-0.267231317406
955	-0.297492808764	-0.0211721936177	-0.0364445534985	-0.355109555881	-0.394566173201
956	-0.228383227554	-0.0229992594381	0.0276438324842	-0.223738654508	-0.248598505009
957	-0.178686311248	-0.0244287499281	0.0198787665225	-0.183236294653	-0.203595882948
958	-0.173573485576	-0.0258173378127	0.0020451302687	-0.19734569312	-0.219272992356
959	-0.200635654076	-0.0274224230453	-0.0108248673999	-0.238882944521	-0.265425493912
960	-0.193046519008	-0.0289667951974	0.00303565402704	-0.218977660178	-0.243308511309
961	-0.18469955067	-0.0304443916027	0.00333878733519	-0.211805154938	-0.235339061042
962	-0.183375389938	-0.0319113947222	0.000529664292754	-0.214757120368	-0.238619022631
963	-0.314955230815	-0.0344310365688	-0.0526319363507	-0.402018203735	-0.446686893038
964	-0.245917137193	-0.0363983736663	0.0276152374489	-0.25470027341	-0.283000303789
965	-0.128174789852	-0.0374237719851	0.0470969389363	-0.118501622901	-0.13166846989
966	-0.0227082856573	-0.0376054382704	0.042186601678	-0.0181271222497	-0.0201412469441
967	0.0685010584945	-0.0370574298024	0.0364837376607	0.0679273663528	0.0754748515031
968	0.0521258223876	-0.0366404232233	-0.00655009444274	0.00893530472158	0.00992811635731
969	0.0311488570891	-0.0363912323666	-0.00839078611941	-0.0136331613969	-0.0151479571077
970	0.0507346301943	-0.0359853553251	0.00783430924206	0.0225835841113	0.0250928712348
971	0.080564667632	-0.035340837984	0.0119320149751	0.0571558446231	0.0635064940256
972	0.0610504299941	-0.0348524345441	-0.00780569505518	0.0183923003948	0.0204358893276
973	0.0594507749187	-0.0343768283447	-0.00063986203016	0.0244340845438	0.0271489828264
974	0.00396909965079	-0.0343450755475	-0.0221926701071	-0.0525686460039	-0.058409606671
975	0.0772372871662	-0.0337271772502	0.0293072750061	0.0728173849221	0.080908205469
976	0.106925464934	-0.0328717735307	0.0118752711072	0.0859289625106	0.0954766250118
977	0.129801411343	-0.03183336224	0.00915037856352	0.107118427666	0.119020475185
978	0.109970348198	-0.0309535994544	-0.00793242525807	0.0710843234853	0.0789825816503
979	0.209059804476	-0.0292811210186	0.0396357825113	0.219414465969	0.243793851076
980	0.165542736694	-0.027956779125	-0.0174068271129	0.120179130456	0.133532367173
981	0.148269754381	-0.02677062109	-0.00690919292513	0.114589940366	0.127322155962
982	0.196638513073	-0.0251975129854	0.0193475034768	0.190788503564	0.211987226183
983	0.181485382357	-0.0237456299265	-0.00606125228657	0.151678500143	0.168531666826
984	0.155194153152	-0.0225040767013	-0.010516491682	0.122173584768	0.13574842752
985	0.132685020217	-0.0214425965396	-0.00900365317398	0.102238770503	0.113598633892
986	0.338279340976	-0.0187363618118	0.0822377283036	0.401780707467	0.446423008297
987	0.342980283577	-0.0159925195432	0.00188037704048	0.328868141074	0.365409045638
988	0.365894827996	-0.0130653609192	0.00916581776766	0.361995284844	0.40221698316
989	0.369352884974	-0.0101105378394	0.00138322279132	0.360625569926	0.400695077696
990	0.326226910287	-0.00750072255711	-0.017250389875	0.301475797855	0.334973108727
991	0.328560800121	-0.00487223615614	0.000933555933803	0.324622119899	0.360691244332
992	0.289971554201	-0.00255246372253	-0.015435698368	0.271983392111	0.302203769012
993	0.260803284957	-0.000466037442879	-0.0116673076978	0.248669939816	0.276299933129
994	0.224810961808	0.00133245025158	-0.0143969292595	0.2117464828	0.235273869778
995	0.235019941553	0.00321260978401	0.00408359189812	0.242316143235	0.26924015915
996	0.231141293147	0.00506174012918	-0.00155145936244	0.234651573914	0.260723971015
997	0.262405906699	0.00716098738277	0.0125058454207	0.282072739502	0.313414155003
998	0.241561791299	0.00909348171316	-0.0083376461599	0.242317626852	0.269241807614
999	0.258107340593	0.0111583404379	0.00661821971767	0.275883900749	0.306537667499
1000	0.277086859	0.0133750353099	0.00759180736263	0.298053701672	0.331170779636
1001	0.278797899549	0.0156054185063	0.000684416219855	0.295087734276	0.327875260306
1002	0.378544973721	0.0186337782961	0.0398988296688	0.437077581686	0.485641757429
1003	0.195180420196	0.0201952216576	-0.0733458214102	0.142029820443	0.157810911604
1004	0.356844205837	0.0230499753043	0.0646655142565	0.444559695398	0.493955217109
1005	1.13773506432	0.0321518558189	0.312356343394	1.48224326354	1.64693695948
1006	0.959504437913	0.0398278913222	-0.0712922505642	0.928040078671	1.03115564297
1007	0.99745088641	0.0478074984135	0.015178579399	1.06043696422	1.17826329358
1008	1.10074123813	0.0566134283186	0.0413161406895	1.19867080714	1.33185645238
1009	1.15128342941	0.0658236957539	0.0202168765115	1.23732400168	1.37480444631
1010	1.14247805052	0.074963520158	-0.00352215155652	1.21391941912	1.34879935458
1011	1.06684129224	0.083498250496	-0.0302547033132	1.12008483942	1.24453871047
1012	1.1399386948	0.0926177600543	0.029238961024	1.26179541588	1.40199490653
1013	1.07988500397	0.101256840086	-0.024021476332	1.15712036772	1.28568929747
1014	0.989179031582	0.109170272339	-0.0362823889543	1.06206691497	1.18007434996
1015	0.943931098871	0.11672172113	-0.0180991730848	1.04255364692	1.15839294102
1016	1.01070650321	0.124807373155	0.0267101617365	1.1622240381	1.29136004234
1017	2.48797172955	0.144711146992	0.590906090537	3.22358896708	3.58176551898
1018	2.43929509296	0.164225507735	-0.0194706546398	2.58404994605	2.87116660672
1019	2.42017438048	0.183586902779	-0.00764828499023	2.59611299827	2.88456999808
1020	2.28098171531	0.201834756502	-0.0556770660663	2.42713940575	2.69682156194
1021	2.26757224516	0.219975334463	-0.0053637880609	2.48218379156	2.75798199063
1022	2.17665115919	0.237388543737	-0.0363684343884	2.37767126854	2.64185696504
1023	2.07317236092	0.253973922624	-0.0413915193083	2.28575476424	2.53972751582
1024	1.91790085371	0.269317129454	-0.0621086028856	2.12510938027	2.36123264475
1025	1.90642578125	0.284568535704	-0.00459002898415	2.18640428797	2.42933809774
1026	1.82815650689	0.299193787759	-0.0313077097439	2.0960425849	2.32893620545
1027	1.72710778538	0.313010650042	-0.0404194886024	1.99969894682	2.22188771869
1028	1.73261110312	0.326871538867	0.0022013270945	2.06168396908	2.29075996564
1029	1.78428772875	0.341145840697	0.0206706502553	2.14610421971	2.38456024412
1030	1.75512113777	0.355186809799	-0.0116666363957	2.09864131117	2.33182367908
1031	1.46835636425	0.366933660713	-0.114705909407	1.72058411555	1.91176012839
1032	1.51064530602	0.379018823161	0.0169155767088	1.90657970589	2.11842189543
1033	1.5171401576	0.391155944422	0.00259794063081	1.91089404265	2.12321560294
1034	1.55157510427	0.403568545256	0.0137739786701	1.9689176282	2.18768625355
1035	1.48200168542	0.415424558739	-0.0278293675418	1.86959687662	2.07732986291
1036	1.3958091209	0.426591031707	-0.0344770258079	1.7879231268	1.986581252
1037	1.39980702468	0.437789487904	0.00159916151303	1.8391956741	2.043550749
1038	1.35348600866	0.448617375973	-0.0185284064089	1.78357497822	1.9817499758
1039	1.19584790948	0.458184159249	-0.0630552396733	1.59097682905	1.76775203228
1040	1.14856816116	0.467372704538	-0.0189118993264	1.59702896637	1.7744766293
1041	1.25251445865	0.477392820208	0.0415785189975	1.77148579786	1.96831755318
1042	1.25869826161	0.4874624063	0.00247352118262	1.74863418909	1.94292687677
1043	1.23246120586	0.497322095947	-0.010494822299	1.71928847951	1.91032053279
1044	1.15297704064	0.506545912272	-0.0317936660871	1.62772928683	1.80858809648
1045	1.15845736796	0.515813571216	0.00219213092757	1.67646307011	1.86273674456
1046	1.16000909193	0.525093643952	0.000620689584752	1.68572342546	1.87302602829
1047	1.05224470002	0.533511601552	-0.0431057567618	1.54265054481	1.7140561609
1048	0.952934379699	0.541135076589	-0.0397241281288	1.45434532816	1.61593925351
1049	1.01422647135	0.54924888836	0.0245168366616	1.58799219637	1.76443577375
1050	0.956129416889	0.556897923695	-0.0232388217856	1.4897885188	1.65532057644
1051	0.889191722358	0.564011457474	-0.0267750778125	1.42642810202	1.58492011335
1052	0.921585268054	0.571384139619	0.0129574182784	1.50592682595	1.67325202883
1053	0.890140425561	0.578505263023	-0.0125779369973	1.45606775159	1.61785305732
1054	0.836706741049	0.585198916951	-0.0213734738046	1.4005321842	1.55614687133
1055	0.824270434856	0.59179308043	-0.00497452247734	1.41108899281	1.56787665868
1056	0.827014032097	0.598409192687	0.0010974388967	1.42652066368	1.58502295965
1057	0.792610199197	0.604750074281	-0.0137615331604	1.38359874032	1.53733193369
1058	0.841814880425	0.611484593324	0.0196818724914	1.47298134624	1.63664594027
1059	0.82271314845	0.618066298512	-0.00764069278985	1.43313875417	1.59237639352
1060	0.802413267395	0.624485604651	-0.00811995242208	1.41877891962	1.5764210218
1061	0.804251480766	0.630919616497	0.000735285348429	1.43590638261	1.59545153624
1062	0.798821114862	0.637310185416	-0.00217214636188	1.43395915392	1.5932879488
1063	0.718828318807	0.643060811966	-0.0319971184219	1.32989201235	1.4776577915
1064	0.624440403273	0.648056335192	-0.0377551662136	1.23474157225	1.37193508028
1065	0.573208576753	0.652642003807	-0.020492730608	1.20535784995	1.33928649995
1066	1.74222978238	0.666579842066	0.467608482252	2.8764181067	3.19602011856
1067	1.83203544994	0.681236125665	0.0359222670232	2.54919384263	2.83243760292
1068	1.73093794599	0.695083629233	-0.0404390015813	2.38558257364	2.65064730404
1069	1.70783009215	0.70874626997	-0.00924314153592	2.40733322058	2.67481468954
1070	1.6724609637	0.72212595768	-0.014147651379	2.38043927	2.64493252222
1071	1.7325925198	0.735986697838	0.0240526224388	2.49263184007	2.76959093342
1072	1.70943480842	0.749662176306	-0.00926308455016	2.44983390018	2.72203766686
1073	1.59849840386	0.762450163536	-0.0443745618255	2.31657400557	2.5739711173
1074	1.51525597646	0.774572211348	-0.03329697096	2.25653121685	2.50725690761
1075	1.4917553075	0.786506253808	-0.00940026758323	2.26886129372	2.52095699303
1076	1.47374613874	0.798296222918	-0.00720366750415	2.26483869415	2.51648743795
1077	1.45347094127	0.809923990448	-0.00811007898634	2.25528485274	2.50587205859
1078	1.38756297638	0.821024494259	-0.0263631859573	2.18222428468	2.42469364965
1079	1.33876586498	0.831734621179	-0.0195188445604	2.1509816416	2.38997960178
1080	1.28288255539	0.841997681622	-0.0223533238368	2.10252691317	2.33614101464
1081	1.27207011379	0.852174242532	-0.00432497663994	2.11991937968	2.35546597742
1082	1.29703175811	0.862550496597	0.00998465772767	2.16956691243	2.4106299027
1083	1.21240103528	0.872249704879	-0.0338522891324	2.05079845102	2.27866494558
1084	1.13609646255	0.88133847658	-0.0305218290897	1.98691311004	2.20768123338
1085	1.21757729015	0.891079094901	0.0325923310384	2.14124871609	2.3791652401
1086	1.18141786196	0.900530437797	-0.014463771273	2.06748452849	2.29720503165
1087	1.12011562371	0.909491362786	-0.0245208953022	2.00508609119	2.22787343466
1088	1.09182978576	0.918226001073	-0.0113143351812	1.99874145165	2.22082383516
1089	0.994369609652	0.92618095795	-0.0389840704416	1.88156649716	2.09062944129
1090	1.01239920461	0.934280151587	0.00721183798154	1.95389119417	2.17099021575
1091	0.959537105527	0.941956448431	-0.0211448396316	1.88034871433	2.08927634925
1092	0.931116208222	0.949405378097	-0.011368358922	1.8691532274	2.07683691933
1093	0.954083926014	0.957038049505	0.00918708711682	1.92030906264	2.13367673626
1094	1.03490862925	0.965317318539	0.032329881295	2.03255582909	2.25839536565
1095	1.01719245801	0.973454858203	-0.0070864684957	1.98356084772	2.20395649747
1096	0.972217606509	0.981232599055	-0.0179899406015	1.93546026496	2.15051140551
1097	1.00844540561	0.9893001623	0.0144911196394	2.01223668755	2.23581854172
1098	1.00282720849	0.997322779968	-0.00224727884645	1.99790270961	2.21989189957
1099	1.01818230467	1.00546823841	0.00614203847231	2.02979258155	2.25532509061
1100	1.00214834828	1.01348542519	-0.00641358255599	2.00922019092	2.2324668788
1101	0.947650225213	1.02106662699	-0.0217992492275	1.94691760298	2.16324178109
1102	0.935282325798	1.0285488856	-0.00494715976587	1.95888405163	2.17653783515
1103	0.892418750909	1.03568823561	-0.0171454299556	1.91096155656	2.1232906184
1104	0.76678221566	1.04182249333	-0.0502546140998	1.75835009489	1.95372232766
1105	0.707440409808	1.04748201661	-0.0237367223406	1.73118570408	1.9235396712
1106	0.71507339345	1.05320260376	0.00305319345675	1.77132919067	1.96814354518
1107	0.745070521897	1.05916316793	0.0119988513787	1.81623254121	2.0180361569
1108	0.695234347748	1.06472504272	-0.0199344696598	1.7400249208	1.93336102311
1109	0.656097552741	1.06997382314	-0.0156547180028	1.71041665787	1.90046295319
1110	0.699988770234	1.0755737333	0.0175564869975	1.79311899053	1.99235443392
1111	0.661936009075	1.08086922137	-0.0152211044637	1.72758412598	1.91953791776
1112	0.726442411618	1.08668076066	0.0258025610171	1.8389257333	2.04325081478
1113	0.748943209889	1.09267230634	0.00900031930841	1.85061583554	2.05623981727
1114	0.789391041476	1.09898743468	0.0161791326347	1.90455760879	2.11617512087
1115	0.838540938705	1.10569576219	0.0196599588917	1.96389665978	2.18210739976
1116	0.795623151083	1.11206074739	-0.0171671150489	1.89051678343	2.10057420381
1117	0.76940321764	1.11821597313	-0.0104879733772	1.8771312174	2.08570135266
1118	0.814922687692	1.12473535464	0.0182077880211	1.95786583035	2.17540647817
1119	0.744427104861	1.13069077148	-0.0281982331325	1.8469196432	2.05213293689
1120	0.726874895416	1.13650577064	-0.00702088377797	1.85635978228	2.06262198031
1121	0.673574654466	1.14189436787	-0.02132009638	1.79414892596	1.99349880662
1122	0.728135051452	1.14771944829	0.0218241587943	1.89767865853	2.10853184281
1123	0.736452564177	1.1536110688	0.00332700509004	1.89339063807	2.10376737563
1124	0.684633337538	1.1590881355	-0.0207276906556	1.82299378238	2.02554864709
1125	0.730542416785	1.16493247483	0.0183636316987	1.91383852332	2.12648724813
1126	0.672378848249	1.17031150562	-0.0232654274143	1.81942492645	2.02158325162
1127	0.744991677345	1.17627143904	0.0290451316381	1.95030824802	2.16700916447
1128	0.70098863254	1.1818793481	-0.0176012179219	1.86526676272	2.07251862524
1129	0.720036103167	1.18763963692	0.00761898825094	1.91529472834	2.12810525371
1130	0.710980446052	1.19332748049	-0.00362226284627	1.9006856637	2.11187295966
1131	0.688368571049	1.19883442906	-0.0090447500011	1.87815825011	2.08684250012
1132	0.774931664941	1.20503388238	0.034625237557	2.01459078488	2.23843420542
1133	0.745214223971	1.21099559617	-0.0118869763879	1.94432284376	2.16035871528
1134	0.770707360716	1.21716125506	0.0101972546977	1.99806587047	2.22007318941
1135	0.812475985396	1.22366106294	0.0167074498723	2.05284449821	2.28093833134
1136	0.825453333784	1.23026468961	0.00519093935512	2.06090896275	2.2898988475
1137	0.808846519373	1.23673546177	-0.00664272576441	2.03893925538	2.26548806153
1138	0.773683034197	1.24292492604	-0.0140653940706	2.00254256617	2.22504729574
1139	0.744045218521	1.24887728779	-0.0118551262702	1.98106738004	2.20118597782
1140	0.662323499273	1.25417587578	-0.0326886876991	1.88381068736	2.09312298595
1141	0.794734552987	1.26053375221	0.0529644214854	2.10823272668	2.34248080742
1142	0.746147954429	1.26650293584	-0.0194346394234	1.99321625085	2.21468472316
1143	0.825828855875	1.27310956669	0.0318723605786	2.13081078314	2.36756753683
1144	0.798516992341	1.27949770263	-0.0109247454137	2.06708994955	2.29676661062
1145	0.874494804033	1.28649366106	0.0303911246769	2.19137958977	2.43486621086
1146	0.91850081288	1.29384166756	0.0176024035386	2.22994488398	2.47771653776
1147	0.894028323918	1.30099389415	-0.00978899558481	2.18523322249	2.42803691387
1148	0.869859195638	1.30795276772	-0.00966765131204	2.16814431204	2.40904923561
1149	0.816078803792	1.31448139815	-0.0215121567382	2.1090480452	2.34338671689
1150	0.758551833315	1.32054981282	-0.0230107881909	2.05609085794	2.28454539771
1151	0.731740746512	1.32640373879	-0.0107244347211	2.04742005058	2.27491116731
1152	0.814600083973	1.33292053946	0.0331437349845	2.18066435842	2.42296039824
1153	0.809962891532	1.33940024259	-0.00185487697643	2.14750825715	2.38612028572
1154	0.747348356853	1.34537902945	-0.0250458138716	2.06768157243	2.29742396937
1155	0.672910362102	1.35076231234	-0.0297751979007	1.99389747654	2.21544164061
1156	0.687970349337	1.35626607514	0.00602399489433	2.05026041937	2.27806713263
1157	0.747754708942	1.36224811281	0.023913743842	2.13391656559	2.37101840622
1158	0.690661115815	1.36777340174	-0.0228374372508	2.0355970803	2.26177453367
1159	0.613009363493	1.37267747664	-0.031060700929	1.95462613921	2.17180682134
1160	0.647554287111	1.37785791094	0.0138179694473	2.0392301675	2.26581129722
1161	0.730031614652	1.38369816386	0.0329909310165	2.14672070953	2.38524523281
1162	0.670366567536	1.3890610964	-0.0238660188463	2.03556164509	2.26173516121
1163	0.650077982583	1.39426172026	-0.00811543398125	2.03622426886	2.26247140985
1164	0.658656969171	1.39953097601	0.00343159463503	2.06161953982	2.29068837758
1165	0.642086513685	1.40466766812	-0.00662818219455	2.04012599961	2.26680666624
1166	0.654253494195	1.40990169608	0.00486679220402	2.06902198247	2.29891331386
1167	0.674133508236	1.41529476414	0.00795200561645	2.09738027799	2.3304225311
1168	0.66786367309	1.42063767353	-0.00250793405843	2.08599341256	2.3177704584
1169	0.632169798508	1.42569503191	-0.0142775498326	2.04358728059	2.27065253399
1170	0.518157714104	1.42984029363	-0.0456048337618	1.90239317397	2.1137701933
1171	0.469290796711	1.43359462	-0.0195467669571	1.88333864976	2.09259849973
1172	0.439095042444	1.43710738034	-0.0120783017069	1.86412412108	2.07124902342
1173	0.507734720681	1.44116925811	0.0274558712949	1.97635985008	2.19595538898
1174	0.509305142491	1.44524369925	0.000628168723895	1.95517701046	2.17241890051
1175	0.424852816016	1.44864252177	-0.0337809305897	1.8397144072	2.04412711911
1176	0.588905348386	1.45335376456	0.065621012948	2.1078801259	2.34208902877
1177	0.546669402324	1.45772711978	-0.0168943784251	1.98750214368	2.2083357152
1178	0.47971912211	1.46156487276	-0.0267801120854	1.91450388278	2.12722653642
1179	0.379826647012	1.46460348593	-0.0399569900393	1.80447314291	2.00497015878
1180	0.428628713472	1.46803251564	0.0195208265842	1.9161820557	2.129091173
1181	0.467468801361	1.47177226605	0.0155360351557	1.95477710257	2.17197455841
1182	0.462634201322	1.47547333966	-0.00193384001563	1.93617370097	2.15130411219
1183	0.399196174407	1.47866690906	-0.0253752107664	1.8524878727	2.05831985855
1184	0.483851598955	1.48253772185	0.0338621698192	2.00025149062	2.22250165625
1185	0.564002949245	1.48704974544	0.032060540116	2.0831132348	2.31457026089
1186	0.601822577204	1.49186432606	0.0151278511837	2.10881475445	2.34312750494
1187	0.551130415558	1.49627336939	-0.0202768646583	2.02712692029	2.25236324476
1188	0.518872384102	1.50042434846	-0.0129032125824	2.00639351998	2.22932613331
1189	0.513773976133	1.50453454027	-0.00203936318771	2.01626915321	2.24029905912
1190	0.517413947268	1.50867385185	0.00145598845398	2.02754378757	2.25282643063
1191	0.570082039791	1.51323450816	0.0210672370095	2.10438378496	2.33820420552
1192	0.633482998682	1.51830237215	0.0253603835561	2.17714575439	2.41905083821
1193	0.584775783494	1.52298057842	-0.019482886075	2.08827347584	2.32030386204
1194	0.686415471422	1.52847190219	0.0406558751711	2.25554324879	2.50615916532
1195	0.734084990345	1.53434458212	0.019067807569	2.28749738003	2.54166375559
1196	0.788819709305	1.54065513979	0.0218938875843	2.35136873668	2.61263192964
1197	0.782372349164	1.54691411858	-0.00257894405653	2.32670752369	2.58523058188
1198	0.763101585702	1.55301893127	-0.00770830538485	2.30841221159	2.56490245732
1199	0.672754870368	1.55840097023	-0.0361386861334	2.19501715447	2.43890794941
1200	0.6158357166	1.56332765596	-0.0227676615074	2.15639571106	2.39599523451
1201	0.617451534616	1.56826726824	0.000646327206356	2.18636513006	2.42929458896
1202	0.590020052577	1.57298742866	-0.0109725928154	2.15203488842	2.39114987603
1203	0.565210721492	1.57750911443	-0.00992373243395	2.13279610349	2.36977344832
1204	0.536616640684	1.58180204756	-0.0114376323234	2.10698105592	2.34109006213
1205	0.42691832983	1.5852173942	-0.0438793243415	1.96825639969	2.18695155521
1206	0.458332801865	1.58888405661	0.0125657888139	2.05978264729	2.28864738588
1207	0.392821135933	1.5920266257	-0.0262046663726	1.95864309526	2.17627010585
1208	0.448120137569	1.5956115868	0.0221196006542	2.06585132502	2.29539036114
1209	0.50542605318	1.59965499523	0.0229223662448	2.12800341465	2.3644482385
1210	0.369717287036	1.60261273352	-0.0542835064579	1.9180465141	2.13116279344
1211	0.28600388656	1.60490076461	-0.0334853601902	1.85741929098	2.06379921221
1212	0.438095493733	1.60840552856	0.0608366428691	2.10733766517	2.34148629463
1213	0.456757665109	1.61205958989	0.00746486855051	2.07628212355	2.30698013727
1214	0.493022683864	1.61600377136	0.0145060075018	2.12353246272	2.35948051414
1215	0.526149072154	1.62021296393	0.013250555316	2.1596125914	2.399569546
1216	0.554983723233	1.62465283372	0.0115338604317	2.19117041738	2.43463379709
1217	0.514400454663	1.62876803736	-0.016233307428	2.12693518459	2.36326131621
1218	0.557577368508	1.63322865631	0.0172707655381	2.20807679035	2.45341865595
1219	0.513616954718	1.63733759194	-0.0175841655159	2.13337038115	2.37041153461
1220	0.4571861707	1.64099508131	-0.0225723136076	2.0756089384	2.30623215378
1221	0.562244640339	1.64549303843	0.0420233878557	2.24976106663	2.49973451847
1222	0.567023114289	1.65002922335	0.0019113895799	2.21896372721	2.46551525246
1223	0.525038864365	1.65422953426	-0.0167936999693	2.16247469866	2.40274966517
1224	0.531897360382	1.65848471314	0.00274339840651	2.19312547193	2.43680607992
1225	0.56823139864	1.66303056433	0.0145336153032	2.24579557828	2.49532842031
1226	0.529414564275	1.66726588085	-0.015526733746	2.18115371138	2.42350412375
1227	0.589473715658	1.67198167057	0.0240236605535	2.28547904678	2.53942116309
1228	0.580637973007	1.67662677436	-0.00353429706065	2.2537304503	2.50414494478
1229	0.47399204003	1.68041871068	-0.0426583731908	2.11175237752	2.34639153057
1230	0.457831698763	1.68408136427	-0.00646413650665	2.13544892652	2.37272102947
1231	0.52097555214	1.68824916868	0.0252575413508	2.23448226217	2.48275806908
1232	0.516421572723	1.69238054127	-0.00182159176688	2.20698052222	2.45220058025
1233	0.526203342826	1.69659016801	0.0039127080413	2.22670621888	2.47411802097
1234	0.521452457489	1.70076178767	-0.00190035413505	2.22031389102	2.46701543447
1235	0.460379117131	1.7044448206	-0.0244293361431	2.14039460159	2.37821622399
1236	0.418697238191	1.70779439851	-0.0166727515758	2.10981888513	2.3442432057
1237	0.415296596976	1.71111677129	-0.00136025648594	2.12505311178	2.3611701242
1238	0.497901856508	1.71509998614	0.0330421038124	2.24604394646	2.49560438495
1239	0.501103387307	1.71910881324	0.00128061231981	2.22149281286	2.46832534763
1240	0.527121182175	1.72332578269	0.0104071179473	2.26085408282	2.51206009202
1241	0.500329807991	1.72732842116	-0.0107165496737	2.21694167948	2.46326853275
1242	0.536373469486	1.73161940891	0.014417464598	2.282410343	2.53601149222
1243	0.45748151003	1.73527926099	-0.0315567837824	2.16120398724	2.4013377636
1244	0.471891657593	1.73905439425	0.00576405902522	2.21671011087	2.4630112343
1245	0.495349685075	1.74301719174	0.00938321099277	2.2477500878	2.49750009756
1246	0.478804745966	1.7468476297	-0.00661797564363	2.21903440003	2.46559377781
1247	0.567202523811	1.75138524989	0.035359111138	2.35394688484	2.61549653871
1248	0.67559888381	1.75679004096	0.0433585439996	2.47574746877	2.75083052086
1249	0.643607794535	1.76193890332	-0.01279643571	2.39275026215	2.65861140238
1250	0.687204301101	1.76743653773	0.0174386026265	2.47207944146	2.74675493495
1251	0.696049962083	1.77300493743	0.00353826439289	2.4725931639	2.74732573767
1252	0.693223950929	1.77855072903	-0.0011304044618	2.4706442755	2.74516030611
1253	0.765159954188	1.78467200867	0.0287744013038	2.57860636416	2.8651181824
1254	0.769407149502	1.79082726586	0.00169887812555	2.56193329349	2.84659254832
1255	0.766322460803	1.79695784555	-0.00123387547968	2.56204643087	2.84671825653
1256	0.726633823745	1.80277091614	-0.0158754548233	2.51352928506	2.79281031673
1257	0.649506402956	1.80796696736	-0.0308509683156	2.426622402	2.69624711334
1258	0.685338361514	1.81344967426	0.0143327834231	2.51312081919	2.79235646577
1259	0.726212717881	1.819259376	0.0163497425471	2.56182183643	2.84646870714
1260	0.745599644628	1.82522417316	0.00775477069857	2.57857858848	2.86508732053
1261	0.743278165091	1.83117039848	-0.00092859181479	2.57351997175	2.85946663528
1262	0.751785821612	1.83718468505	0.00340306260856	2.59237356927	2.88041507697
1263	0.738552521507	1.84309310522	-0.00529332004213	2.57635230669	2.86261367409
1264	0.724746930916	1.84889108067	-0.00552223623646	2.56811577535	2.85346197261
1265	0.684142249171	1.85436421866	-0.016241872698	2.52226459513	2.80251621682
1266	0.630913881898	1.85941152972	-0.021291346909	2.46903406471	2.74337118301
1267	0.634829633576	1.86449016679	0.00156630067115	2.50088610103	2.77876233448
1268	0.689633743468	1.87000723673	0.0219216439567	2.58156262416	2.86840291573
1269	0.671795494925	1.87538160069	-0.0071352994169	2.5400417962	2.82226866245
1270	0.619993174602	1.88034154609	-0.0207209281295	2.47961379256	2.75512643618
1271	0.5851001985	1.88502234768	-0.0139571904408	2.45616535574	2.72907261748
1272	0.639930117479	1.89014178862	0.0219319675917	2.55200387369	2.83555985965
1273	0.703033211308	1.89576605431	0.0252412375317	2.62404050315	2.91560055905
1274	0.795400798411	1.90212926069	0.0369470348411	2.73447709395	3.03830788216
1275	0.868341667659	1.90907599404	0.0291763476994	2.80659400939	3.11843778822
1276	0.814728362247	1.91559382093	-0.0214453221648	2.70887686102	3.00986317891
1277	0.832469049742	1.92225357333	0.00709627499771	2.76181889807	3.06868766452
1278	1.57555305579	1.93485799778	0.29723360242	3.80764465599	4.23071628443
1279	1.69990522503	1.94845723958	0.0497408676952	3.6981033323	4.10900370256
1280	1.71422297225	1.96217102336	0.0057270988871	3.68212109449	4.09124566055
1281	1.68558295827	1.97565568702	-0.0114560055893	3.64978263971	4.05531404412
1282	1.65804988669	1.98892008612	-0.0110132286348	3.63595674417	4.03995193796
1283	1.62737761791	2.00193910706	-0.01226890751	3.61704781746	4.0189420194
1284	1.56078815863	2.01442541233	-0.0266357837115	3.54857778725	3.94286420806
1285	1.45277294745	2.02604759591	-0.0432060844738	3.43561445888	3.81734939876
1286	1.38640441857	2.03713883126	-0.0265474115524	3.39699583827	3.7744398203
1287	1.37827664988	2.04816504446	-0.00325110747418	3.42319058686	3.80354509651
1288	1.44567961951	2.05973048141	0.0269611878504	3.53237128877	3.92485698752
1289	1.43138788731	2.07118158451	-0.00571669288104	3.49685277893	3.88539197659
1290	1.50154930216	2.08319397893	0.0280645659417	3.61280784703	4.01423094114
1291	1.49303186502	2.09513823385	-0.00340697485591	3.58476312401	3.98307013779
1292	1.41973370294	2.10649610347	-0.0293192648314	3.49691054158	3.88545615731
1293	1.38109783844	2.11754488618	-0.0154543457991	3.48318837882	3.8702093098
1294	1.38153935572	2.12859720102	0.000176606911719	3.51031316366	3.90034795962
1295	1.3789138928	2.13962851217	-0.00105018516855	3.5174922198	3.90832468867
1296	1.47837382865	2.1514555028	0.0397839743392	3.66961330579	4.07734811754
1297	1.50598673353	2.16350339666	0.0110451619532	3.68053529215	4.08948365794
1298	1.50227778207	2.17552161892	-0.00148358058481	3.67631582041	4.08479535601
1299	1.57111862364	2.18809056791	0.0275363366268	3.78674552817	4.20749503131
1300	1.62309673483	2.20107534179	0.0207912444776	3.8449633211	4.27218146789
1301	1.67617589012	2.21448474891	0.0212316621159	3.91189230115	4.34654700127
1302	1.54595982001	2.22685242747	-0.0520864280438	3.72072581944	4.13413979938
1303	1.574019355	2.23944458231	0.0112238139971	3.82468775131	4.24965305701
1304	1.56833188221	2.25199123737	-0.0022749891184	3.81804813046	4.24227570051
1305	1.53872460126	2.26430103418	-0.0118429123805	3.79118272305	4.21242524784
1306	1.54477633307	2.27665924484	0.00242069272531	3.82385627064	4.2487291896
1307	1.60336301698	2.28948614898	0.0234346735625	3.91628383952	4.35142648835
1308	1.57550278564	2.30209017126	-0.011144092536	3.86644886436	4.29605429374
1309	1.54315881912	2.31443544182	-0.012937586606	3.84465667433	4.27184074926
1310	1.53629398777	2.32672579372	-0.00274593254182	3.86027384894	4.28919316549
1311	1.56556861862	2.33925034267	0.011709852341	3.91652881363	4.35169868181
1312	1.55880784746	2.35172080545	-0.00270430846412	3.90782434444	4.34202704938
1313	1.52736215577	2.36393970269	-0.0125782766748	3.87872358179	4.30969286866
1314	1.45772345383	2.37560149032	-0.0278554807753	3.80546946338	4.22829940376
1315	1.47863825891	2.38743059639	0.00836592202975	3.87443477733	4.30492753037
1316	1.44735252431	2.39900941659	-0.0125142938403	3.83384764706	4.25983071895
1317	1.44501826183	2.41056956268	-0.000933704992759	3.85465411952	4.28294902169
1318	1.52825211985	2.42279557964	0.0332935432079	3.9843412427	4.42704582522
1319	1.46827037882	2.43454174267	-0.0239926964087	3.87881942509	4.30979936121
1320	1.45655785153	2.44619420549	-0.00468501091821	3.8980670461	4.33118560677
1321	1.45856060232	2.4578626903	0.000801100317835	3.91722439295	4.35247154772
1322	1.4846340794	2.46973976294	0.0104293908316	3.96480323317	4.40533692575
1323	1.93660564583	2.48523260811	0.180788626573	4.60262688051	5.11402986724
1324	1.87107415124	2.50020120132	-0.0262125978391	4.34506275471	4.82784750524
1325	1.84482097949	2.51495976915	-0.010501268697	4.34927947995	4.8325327555
1326	1.82629221978	2.52957010691	-0.00741150388489	4.34845082281	4.83161202534
1327	1.76493472928	2.54368958474	-0.0245429962028	4.28408131782	4.76009035313
1328	1.86945159993	2.55864519754	0.0418067482604	4.46990354573	4.96655949526
1329	1.8593863728	2.57352028853	-0.00402609085243	4.42888057047	4.92097841163
1330	1.81846159026	2.58806798125	-0.0163699130133	4.3901596585	4.87795517611
1331	1.80674226438	2.60252191936	-0.00468773035074	4.4045764534	4.89397383711
1332	1.77451771347	2.61671806107	-0.0128898203672	4.37834595417	4.86482883797
1333	1.75552166483	2.63076223439	-0.00759841945288	4.37868547977	4.86520608864
1334	1.73952230597	2.64467841284	-0.00639974354648	4.37780097526	4.86422330584
1335	1.73127168793	2.65852858634	-0.00330024721542	4.38650002706	4.87388891895
1336	1.73657958524	2.67242122302	0.00212315892538	4.41112396719	4.90124885244
1337	1.70896500115	2.68609294303	-0.0110458336373	4.38401211055	4.87112456727
1338	1.6690630268	2.69944544725	-0.0159607897421	4.3525476843	4.83616409367
1339	1.7478141485	2.71342796043	0.0315004486808	4.49274255761	4.99193617512
1340	1.79323583679	2.72777384713	0.0181686753179	4.53917835924	5.04353151027
1341	1.85188154808	2.74258889951	0.023458284517	4.61792873211	5.13103192457
1342	1.83955748203	2.75730535937	-0.00492962642264	4.59193321497	5.10214801664
1343	1.76804896802	2.77144975111	-0.0286034056043	4.51089531353	5.01210590392
1344	1.839534713	2.78616602882	0.0285942979945	4.65429503982	5.17143893313
1345	1.87665556715	2.80117927336	0.0148483416583	4.69268318216	5.21409242462
1346	1.72023742659	2.81494117277	-0.0625672562251	4.47261134313	4.96956815903
1347	1.80670493178	2.82939481222	0.0345870020772	4.67068674608	5.18965194009
1348	1.75868064815	2.84346425741	-0.0192097134516	4.58293519211	5.09215021345
1349	1.69233140837	2.85700290867	-0.0265396959114	4.52279462113	5.02532735682
1350	1.58981782249	2.86972145125	-0.041005434352	4.41853383939	4.90948204377
1351	1.59526831024	2.88248359774	0.00218019510004	4.47993210308	4.97770233675
1352	1.48336628385	2.89435052801	-0.0447608105546	4.33295600131	4.81439555701
1353	1.42034380823	2.90571327847	-0.0252089902512	4.30084809645	4.77872010716
1354	1.52587213203	2.91792025553	0.0422113295204	4.48600371708	4.98444857453
1355	1.54031400117	2.93024276754	0.00577674765505	4.47633351636	4.97370390707
1356	1.56825392481	2.94278879894	0.0111759694587	4.52221869321	5.0246874369
1357	1.53368001093	2.95505823902	-0.0138295655543	4.4749086844	4.97212076044
1358	1.54592734244	2.96742565776	0.00489893260482	4.51825193281	5.02027992534
1359	1.52293919378	2.97960917131	-0.00919525946327	4.49335310563	4.99261456181
1360	1.53963233682	2.99192623001	0.00667725721423	4.53823582404	5.04248424893
1361	1.5196260414	3.00408323834	-0.00800251816444	4.51570676158	5.01745195731
1362	1.52111617954	3.01625216778	0.000596055253983	4.53796440257	5.04218266952
1363	1.52584765474	3.02845894901	0.00189259007865	4.55619919383	5.0624435487
1364	1.51807776154	3.04060357111	-0.00310795727816	4.55557337537	5.06174819485
1365	1.67912863574	3.05403660019	0.0644203496808	4.79758558562	5.33065065068
1366	1.58505726328	3.0667170583	-0.0376285489845	4.6141457726	5.12682863622
1367	1.49297028303	3.07866082056	-0.036834792101	4.53479631149	5.03866256832
1368	1.47183002347	3.09043546075	-0.00845610382495	4.55380938039	5.05978820044
1369	1.43192154856	3.10189083314	-0.0159633899621	4.51784899174	5.01983221304
1370	1.43029603739	3.11333320144	-0.000650204467211	4.54297903436	5.04775448263
1371	1.20367654831	3.12296261382	-0.0906477956336	4.2359913665	4.70665707389
1372	1.22142472436	3.13273401162	0.00709927042116	4.3612580064	4.84584222934
1373	1.18976275678	3.14225211367	-0.0126647870319	4.31935008342	4.79927787047
1374	1.17881962383	3.15168267066	-0.00437725317993	4.32612504132	4.80680560146
1375	1.14177333555	3.16081685735	-0.0148185153123	4.28777167759	4.76419075288
1376	1.1181650246	3.16976217755	-0.00944332438256	4.27848387776	4.75387097529
1377	1.13217677447	3.17881959174	0.00560469994854	4.31660106616	4.79622340684
1378	1.11641418962	3.18775090526	-0.00630503393938	4.29786006094	4.77540006771
1379	1.27395028946	3.19794250757	0.0630144399355	4.53490723697	5.03878581885
1380	1.2918823565	3.20827756643	0.00717282681681	4.50733274974	5.00814749971
1381	1.30307233157	3.21870214508	0.00447599002952	4.52625046668	5.0291671852
1382	1.31411266746	3.22921504642	0.00441613435658	4.54774384824	5.05304872027
1383	1.43980361797	3.24073347536	0.0502763802038	4.73081347354	5.25645941504
1384	1.46533291916	3.25245613872	0.0102117204729	4.72800077834	5.25333419816
1385	1.37414547902	3.26344930255	-0.0364749760538	4.60111980551	5.11235533946
1386	1.31983661583	3.27400799547	-0.0217235452746	4.57212106603	5.08013451782
1387	1.21684474627	3.28374275344	-0.0411967478248	4.45939075189	4.95487861321
1388	1.19368999179	3.29329227338	-0.00926190179347	4.47772036337	4.97524484819
1389	1.10387723149	3.30212329123	-0.0359251041208	4.3700754186	4.855639354
1390	1.13222418831	3.31118108474	0.0113387827287	4.45474405577	4.94971561753
1391	1.17966387281	3.32061839572	0.0189758738012	4.51925814233	5.02139793592
1392	1.19254717353	3.33015877311	0.00515332028541	4.52785926692	5.03095474102
1393	1.1668301973	3.33949341469	-0.0102867904921	4.49603682149	4.99559646832
1394	1.19890223122	3.34908463254	0.0128288135704	4.56081567733	5.06757297481
1395	1.22935921993	3.3589195063	0.0121827954836	4.60046152171	5.11162391301
1396	1.18905864129	3.36843197543	-0.0161202314566	4.54137038526	5.04596709473
1397	1.15576866519	3.37767812475	-0.0133159904387	4.5201307995	5.022367555
1398	1.3367196341	3.38837188182	0.0723803875619	4.79747190348	5.3305243372
1399	1.41212756028	3.3996689023	0.0301631704751	4.84195963306	5.37995514785
1400	1.51551457897	3.41179301893	0.0413548074748	4.96866240538	5.52073600598
1401	1.42662008523	3.42320597962	-0.0355577974985	4.81426826734	5.34918696371
1402	1.44401900981	3.43475813169	0.00695956983483	4.88573671134	5.42859634593
1403	1.42851658246	3.44618626435	-0.00620097094097	4.86850187587	5.40944652875
1404	1.44750185384	3.45776627918	0.00759410855138	4.91286224157	5.45873582397
1405	1.52429505894	3.46996063966	0.0307172820387	5.02497298063	5.58330331181
1406	1.4348576339	3.48143950073	-0.0357749700148	4.88052216461	5.42280240512
1407	1.4664409186	3.49317102808	0.0126333138788	4.97224526055	5.52471695617
1408	1.45643923925	3.50482254199	-0.00400067173653	4.95726110951	5.50806789945
1409	1.27641310595	3.51503384684	-0.0720104533202	4.71943649947	5.24381833275
1410	1.2567972942	3.52508822519	-0.00784632470089	4.77403919469	5.3044879941
1411	1.21012271891	3.53476920694	-0.018669830116	4.72622209574	5.25135788415
1412	1.29568151156	3.54513465903	0.0342235170615	4.87503968766	5.41671076407
1413	1.06653745916	3.55366695871	-0.0916576209615	4.52854679691	5.03171866323
1414	0.913919139345	3.56097831182	-0.0610473279264	4.41385012324	4.90427791471
1415	-0.33611390811	3.55828940056	-0.500013218982	2.72216227347	3.0246247483
1416	-0.355623247425	3.55544441458	-0.00780373572609	3.19201743143	3.54668603492
1417	-0.436597232008	3.55195163672	-0.0323895938331	3.08296481088	3.42551645654
1418	-0.413592032622	3.54864290046	0.00920207975436	3.14425294759	3.49361438622
1419	-0.400519420391	3.5454387451	0.00522904489237	3.1501483696	3.50016485511
1420	-0.319233819455	3.54288487454	0.0325142403743	3.25616529546	3.6179614394
1421	-0.331832391536	3.54023021541	-0.0050394288326	3.20335839504	3.5592871056
1422	-0.304809127946	3.53779174239	0.0108093054363	3.24379191988	3.60421324431
1423	-0.286867822218	3.53549679981	0.00717652229101	3.25580549988	3.61756166654
1424	-0.364131418195	3.53258374846	-0.0309054383907	3.13754689188	3.4861632132
1425	-0.377394690656	3.52956459094	-0.0053053089844	3.1468645913	3.49651621255
1426	-0.312196682081	3.52706701748	0.02607920343	3.24094953883	3.60105504315
1427	-0.275386798641	3.52486392309	0.0147239533759	3.26420107783	3.62689008648
1428	-0.266632698842	3.5227308615	0.00350163991975	3.25959980258	3.62177755842
1429	-0.206411787323	3.5210795672	0.0240883646076	3.33875614449	3.70972904943
1430	-0.113943190332	3.52016802168	0.0369874387962	3.44321227014	3.82579141127
1431	-0.0567670483618	3.51971388529	0.0228704567881	3.48581729372	3.87313032636
1432	-0.00998141431908	3.51963403398	0.0187142536171	3.52836687328	3.92040763697
1433	-0.0268207627883	3.51941946788	-0.00673573938768	3.4858629657	3.873181073
1434	0.0440803367151	3.51977211057	0.0283604398013	3