-0.933906962131
-8.63290462531
-7.17121684454
1.83475081123
-2.60658511439
-2.92226735705
-1.36560560999
-1.82981732809
-3.96353728267
-3.04375904717
-3.15400148518
-2.49846076639
-4.2277683288
-5.476562449
-3.85732224653
-3.46980127497
-1.66251090473
-2.17180184836
-6.86272655585
-4.53056458204
-6.95218079948
-5.10599146648
-4.16347517505
-3.38185505505
-4.67071586541
-3.27358918642
-11.9185350083
-12.4146107963
-11.8448636958
-8.57745568049
-6.58899175716
-5.4999808505
-3.94812343283
-5.42587002062
-6.96614063688
-5.93790156598
-4.33422768821
-2.93096501221
-1.17712098838
0.150725277797
-2.10255695098
-3.68424570486
-2.12262588271
-5.40875067723
-1.61132460136
-1.29381139196
-3.22848859605
-3.96671865016
-1.19667541285
-0.475647136865
-2.5383273557
-3.63787188103
-2.0519034513
-3.29952528749
-5.4339876779
-2.0404089585
-3.65651701689
-3.84496236189
-0.18998207332
7.1108707299
-1.26035281695
-3.0520959341
-2.41590094547
-1.32314959995
-0.50374471935
-3.79122897992
-3.07314657541
-3.21521170937
1.4489302537
0.809147537928
-0.404768396163
-1.26890981068
-0.345261224551
-1.16321604029
-1.04690619471
-2.82699193349
-2.4832977701
-1.67526737813
-2.32418229058
-1.82854590337
-0.164866427185
1.35948760659
-3.80930674303
-2.06209040237
-4.25610356883
-0.151471133129
1.94561873999
-0.800884557472
1.75614261887
0.448469141227
-3.11249541537
-6.13407876948
-5.60498501188
-3.63245699538
-1.32870868353
-2.40774196413
0.0422300324477
-1.87298840355
-0.588992488574
0.207360333356
0.732423542088
-0.223881259567
-1.69330178321
-0.00761897701154
-1.74888475573
-1.41886028753
-2.30424770505
-1.20020982353
-0.564421084421
-2.99783528162
-1.00611864134
-0.799062440691
-0.845704142785
3.2341447006
1.89453615391
2.23414079586
2.95181255251
4.18649224416
1.44170902414
2.14087645063
0.660300874409
-0.8470978326
-2.87745523768
-6.16590281926
-0.762655687546
-1.4655465529
0.294030855966
-1.26265922768
-0.926942185356
-0.266626678302
-2.86317701586
-0.199341793675
0.202174530979
-0.0111115227121
-1.7711487062
-3.25806486185
-1.47434701135
-3.40508906176
-2.50572809195
-1.54759325515
-0.232068695555
-1.20290683549
-2.14364731534
-0.674794581984
-1.28180981528
-0.944103194866
-2.83497215872
-5.56947597427
-5.70022188792
-5.28148958436
-4.08683715994
-2.84110797675
-4.21391787205
-2.75453233773
-2.74871440145
-2.76494053068
-2.76195606825
-2.77538759663
-2.76172507466
-2.76148446079
-1.33676828449
0.0712226462503
1.33059190077
1.83362224862
-0.21491542765
-3.49729678998
-2.25860394406
-1.82404707015
-0.85524159017
-0.291596818363
1.91474049429
0.0206491486164
-2.05559336455
-2.47688086763
-1.35544008008
-1.71555177599
-1.99488643176
-0.815511145699
-0.603064094945
39.6225365761
-18.4169237065
-0.163539949138
-1.5186012232
2.02985008639
1.2642153327
-0.304854939006
-0.548760298239
1.31221678767
-2.23294584216
-0.270234869077
1.9717617299
1.90423792444
1.22055870154
-0.170869390187
-1.15447015239
-0.522141157668
0.521020790189
0.467296710105
-2.20965142881
-0.976151037203
3.54910583097
1.2226468114
2.50453201789
-1.79998421352
-6.75198235548
-7.2895870042
-9.78357358904
-5.44556808971
3.41755378536
0.255714213464
-1.00738614124
-3.53407591865
-1.38456754344
-2.16707553396
-0.714873461595
-0.945824345477
-1.39109443841
7.12592326871
6.55093241538
-1.45851788801
0.703415293037
-1.56851685415
-2.35701960467
-0.867855784242
2.22961706816
0.396249933279
-0.733537448022
-1.57350985703
-2.34145822986
-1.32073748465
-3.77923364554
-1.94116240519
-0.438240552485
-1.95859774774
-3.2817054068
-1.47553739982
-0.0147354204344
0.414603542161
-0.0620397309976
1.34215235464
2.22484593417
-1.90890833341
-5.69680429827
-4.05624553544
-1.59488674125
0.880228544285
-1.09657790286
-1.72729714368
0.642848885914
-1.46899798696
0.217961034642
-0.656286792566
0.336929685586
1.06633983366
0.143497086265
-1.77325829735
-0.809273215736
-4.31123812952
-6.19947533969
-4.38115257751
0.488917361143
-2.19907006894
1.86350108829
0.0534960986484
-3.8616470554
-1.97080072709
-3.23246182695
0.917140994659
-2.6983277393
-4.00927804752
-3.18300138314
-4.27435410589
-3.42622743221
-1.20881701228
-3.29005430484
-5.65183688373
-4.79899718829
-3.57438285791
-4.66519601328
-3.20742789681
-6.06065657919
-3.65551257351
-5.85264563504
-4.2537721483
-2.05350459251
-3.45729059065
-3.47218241453
-4.90095949085
-2.84448268424
-1.78503718138
-3.60358872182
0.965461057549
-2.06983453732
0.605261163563
1.16479628697
-2.74287256571
-0.53750515987
1.94119490275
-3.76052412435
-3.31414121297
-0.767778968797
-6.32509466496
-0.0668234239915
-0.455657498138
-6.49080601953
-3.31032328642
-2.00856608157
-1.70389781847
-0.749533100731
0.831679744987
0.752616886032
2.70317126939
0.865757234909
2.42774430297
1.53173909727
-0.264290923827
2.19053756052
-0.150558935715
0.467207883587
-4.06123072556
-1.79592562887
-0.208409974629
-3.1106523821
-1.97576192458
-0.124147051609
-2.07851950426
0.300410913207
-2.42011427421
0.325304430061
0.847355584509
5.93453790991
2.6933389942
-12.2547024077
-28.4392670868
-13.0124343963
-25.6723594044
-31.2266900791
-36.0818012494
-36.8590225496
-39.6411224422
-33.7004411054
-4.88923790865
3.04779034134
21.9781119691
7.40245810424
-0.166872007546
1.13777480282
-0.0183881822859
-1.70199345812
-2.05788405041
-1.29848540897
-5.47194408926
-5.47987894538
-4.48202624149
2.41387532294
-0.67279065277
0.175393215848
-0.616383149145
1.56796817102
-0.752075139178
-3.65458041347
-3.05878934928
-2.35914676452
-0.559861855891
-0.988702857247
-2.18238280697
-1.31182486544
1.02091928803
2.04287413152
0.35227188349
-3.30147306586
-5.16114163493
-2.50741292147
-0.627749982631
-3.01158949447
-6.04808759594
-3.47032754558
-2.63082400243
-1.18458409335
-2.68099951056
-6.15189977708
-3.45847525393
-0.283045468996
-3.00854534086
-2.72039987918
-1.65249371631
-3.54146368069
-2.65449832613
3.87844306078
-0.160654428067
-0.566329488496
-1.84608896129
0.294279730763
-0.768878149972
-0.822977558461
-0.213734765618
-2.04691380719
4.85021740818
-2.13340571349
-4.38882068907
-1.80961245124
-3.01886345055
-2.49387396693
0.618274145385
-0.209183808328
-0.665445755942
-0.987117775339
8.43907721602
0.385371274602
0.579217435209
0.956577840085
-0.751401205695
-3.19491988094
-3.44420597045
-2.01560328192
-2.4880784373
-2.08499860283
-1.5130261069
-3.5753043518
-2.9275583306
3.41612946594
-1.61724237822
-2.07155332056
-2.75076327285
-1.22074973423
0.526259154044
-0.799105995797
0.32320529028
1.9226691939
2.3690848358
0.973627338685
3.46439442588
2.44717532291
1.14146493375
-0.814627545222
-5.51334988012
-7.08330582814
-5.26691350699
-1.30066467306
-0.145442487114
-0.904538430251
-0.798524515433
-1.65058976318
3.20371721836
1.69552794537
3.12848112537
3.69432761856
1.5417676712
-0.882143159625
-1.45107262785
-0.342333365216
-0.63148426165
2.11189643412
